image_path,transform,phash_distance,dhash_distance,colorhash_distance,average_hash_distance,whash_haar_distance,whash_db4_distance,pdqhash_distance,crop_resistant_hash_distance,AppleNeuralHash,AppleNeuralHash2024,PhotoDNA
../final_dataset/Interior/Kitchen/365.jpg,affine_transform,0.5625,0.578125,0.8095238095238095,0.53125,0.5,0.2959183673469387,0.5546875,1.0,0.6666666666666667,0.6666666666666667,0.0277777777777777
../final_dataset/Interior/Kitchen/365.jpg,perspective_transform,0.40625,0.5,0.7380952380952381,0.328125,0.3125,0.5612244897959184,0.4921875,1.0,0.6041666666666667,0.6041666666666667,0.0
../final_dataset/Interior/Kitchen/319.jpg,affine_transform,0.5,0.53125,0.8571428571428572,0.4375,0.5,0.1530612244897958,0.5546875,1.0,0.7708333333333334,0.7708333333333334,0.0555555555555555
../final_dataset/Interior/Kitchen/319.jpg,perspective_transform,0.5,0.515625,0.7619047619047619,0.46875,0.53125,0.6428571428571428,0.484375,1.0,0.7083333333333333,0.7083333333333333,0.0
../final_dataset/Interior/Kitchen/187.jpg,affine_transform,0.5,0.625,0.7619047619047619,0.59375,0.59375,0.6938775510204082,0.4765625,1.0,0.625,0.625,0.0
../final_dataset/Interior/Kitchen/187.jpg,perspective_transform,0.46875,0.53125,0.7142857142857143,0.46875,0.4375,0.3979591836734694,0.5078125,1.0,0.6666666666666667,0.6666666666666667,0.0
../final_dataset/Interior/Kitchen/12.jpg,affine_transform,0.53125,0.625,0.8571428571428572,0.734375,0.6875,0.7142857142857143,0.5,0.53125,0.7291666666666667,0.7291666666666667,0.0
../final_dataset/Interior/Kitchen/12.jpg,perspective_transform,0.59375,0.484375,0.8095238095238095,0.625,0.625,0.4285714285714286,0.5078125,0.75,0.78125,0.78125,0.0972222222222222
../final_dataset/Interior/Kitchen/241.jpg,affine_transform,0.53125,0.5,0.8809523809523809,0.5625,0.5625,0.3673469387755101,0.5078125,1.0,0.5625,0.5625,0.2777777777777778
../final_dataset/Interior/Kitchen/241.jpg,perspective_transform,0.40625,0.609375,0.7857142857142857,0.40625,0.46875,0.5,0.5,0.859375,0.7291666666666667,0.7291666666666667,0.0833333333333333
../final_dataset/Interior/Kitchen/290.jpg,affine_transform,0.46875,0.5625,0.8095238095238095,0.5625,0.5625,0.2346938775510204,0.5546875,1.0,0.65625,0.65625,0.0833333333333333
../final_dataset/Interior/Kitchen/290.jpg,perspective_transform,0.46875,0.546875,0.7380952380952381,0.5625,0.625,0.7755102040816326,0.5234375,1.0,0.625,0.625,0.1388888888888888
../final_dataset/Interior/Kitchen/156.jpg,affine_transform,0.46875,0.5,0.8571428571428572,0.609375,0.59375,0.1632653061224489,0.5546875,1.0,0.78125,0.78125,0.0833333333333333
../final_dataset/Interior/Kitchen/156.jpg,perspective_transform,0.53125,0.4375,0.7857142857142857,0.453125,0.53125,0.6734693877551021,0.4921875,1.0,0.65625,0.65625,0.1111111111111111
../final_dataset/Interior/Kitchen/15.jpg,affine_transform,0.65625,0.578125,0.7857142857142857,0.6875,0.6875,0.3673469387755101,0.53125,0.765625,0.6354166666666667,0.6354166666666667,0.2361111111111111
../final_dataset/Interior/Kitchen/15.jpg,perspective_transform,0.53125,0.5,0.7380952380952381,0.671875,0.65625,0.7040816326530612,0.4921875,0.84375,0.65625,0.65625,0.1666666666666666
../final_dataset/Interior/Kitchen/180.jpg,affine_transform,0.5625,0.578125,0.7857142857142857,0.5625,0.5625,0.2142857142857143,0.5078125,1.0,0.7708333333333334,0.7708333333333334,0.0694444444444444
../final_dataset/Interior/Kitchen/180.jpg,perspective_transform,0.5,0.421875,0.7142857142857143,0.5625,0.53125,0.4489795918367347,0.46875,0.828125,0.7395833333333333,0.7395833333333333,0.0
../final_dataset/Interior/Kitchen/246.jpg,affine_transform,0.625,0.609375,0.7857142857142857,0.6875,0.75,0.6326530612244898,0.5625,1.0,0.7083333333333333,0.7083333333333333,0.9444444444444444
../final_dataset/Interior/Kitchen/246.jpg,perspective_transform,0.5625,0.59375,0.8095238095238095,0.6875,0.71875,0.6326530612244898,0.5,0.890625,0.59375,0.59375,0.6527777777777778
../final_dataset/Interior/Kitchen/297.jpg,affine_transform,0.4375,0.53125,0.7857142857142857,0.515625,0.59375,0.6122448979591837,0.5390625,1.0,0.5416666666666667,0.5416666666666667,0.2916666666666666
../final_dataset/Interior/Kitchen/297.jpg,perspective_transform,0.5,0.359375,0.6904761904761905,0.53125,0.5625,0.5,0.5703125,0.796875,0.75,0.75,0.1944444444444444
../final_dataset/Interior/Kitchen/151.jpg,affine_transform,0.5625,0.640625,0.7857142857142857,0.578125,0.59375,0.2448979591836735,0.515625,1.0,0.5729166666666667,0.5729166666666667,0.9444444444444444
../final_dataset/Interior/Kitchen/151.jpg,perspective_transform,0.4375,0.421875,0.7142857142857143,0.46875,0.4375,0.6020408163265306,0.5078125,0.875,0.6145833333333333,0.6145833333333333,0.6527777777777778
../final_dataset/Interior/Kitchen/362.jpg,affine_transform,0.625,0.515625,0.8333333333333334,0.6875,0.6875,0.2244897959183673,0.5625,1.0,0.6145833333333333,0.6145833333333333,0.0
../final_dataset/Interior/Kitchen/362.jpg,perspective_transform,0.5625,0.453125,0.7857142857142857,0.4375,0.4375,0.5408163265306123,0.4765625,0.875,0.5625,0.5625,0.0
../final_dataset/Interior/Kitchen/69.jpg,affine_transform,0.4375,0.5625,0.7857142857142857,0.578125,0.59375,0.4693877551020408,0.484375,1.0,0.6666666666666667,0.6666666666666667,0.0
../final_dataset/Interior/Kitchen/69.jpg,perspective_transform,0.53125,0.5,0.7380952380952381,0.765625,0.75,0.6836734693877551,0.546875,0.765625,0.6458333333333333,0.6458333333333333,0.0
../final_dataset/Interior/Kitchen/310.jpg,affine_transform,0.5,0.484375,0.7857142857142857,0.546875,0.53125,0.5,0.453125,1.0,0.7291666666666667,0.7291666666666667,0.0
../final_dataset/Interior/Kitchen/310.jpg,perspective_transform,0.53125,0.46875,0.7380952380952381,0.484375,0.53125,0.4387755102040817,0.515625,1.0,0.7395833333333333,0.7395833333333333,0.0
../final_dataset/Interior/Kitchen/248.jpg,affine_transform,0.5,0.421875,0.8333333333333334,0.53125,0.625,0.2244897959183673,0.515625,1.0,0.7708333333333334,0.7708333333333334,0.0
../final_dataset/Interior/Kitchen/248.jpg,perspective_transform,0.53125,0.59375,0.7857142857142857,0.453125,0.46875,0.5918367346938775,0.4921875,0.8125,0.6354166666666667,0.6354166666666667,0.0
../final_dataset/Interior/Kitchen/299.jpg,affine_transform,0.59375,0.53125,0.8333333333333334,0.46875,0.46875,0.326530612244898,0.4921875,1.0,0.6979166666666667,0.6979166666666667,0.0
../final_dataset/Interior/Kitchen/299.jpg,perspective_transform,0.53125,0.40625,0.7619047619047619,0.609375,0.5625,0.6836734693877551,0.515625,0.90625,0.5208333333333333,0.5208333333333333,0.3055555555555556
../final_dataset/Interior/Kitchen/67.jpg,affine_transform,0.46875,0.546875,0.8571428571428572,0.640625,0.65625,0.7551020408163265,0.5234375,1.0,0.6770833333333333,0.6770833333333333,0.5277777777777778
../final_dataset/Interior/Kitchen/67.jpg,perspective_transform,0.40625,0.40625,0.8095238095238095,0.421875,0.40625,0.326530612244898,0.5,0.671875,0.7083333333333333,0.7083333333333333,0.1805555555555555
../final_dataset/Interior/Kitchen/234.jpg,affine_transform,0.53125,0.625,0.8095238095238095,0.6875,0.6875,0.5816326530612245,0.515625,1.0,0.65625,0.65625,0.1944444444444444
../final_dataset/Interior/Kitchen/234.jpg,perspective_transform,0.5625,0.375,0.7619047619047619,0.53125,0.5,0.5,0.46875,1.0,0.5104166666666667,0.5104166666666667,0.2083333333333333
../final_dataset/Interior/Kitchen/123.jpg,affine_transform,0.5,0.625,0.8809523809523809,0.765625,0.78125,0.7142857142857143,0.4921875,0.5,0.7083333333333333,0.7083333333333333,0.1805555555555555
../final_dataset/Interior/Kitchen/123.jpg,perspective_transform,0.46875,0.625,0.7380952380952381,0.734375,0.75,0.6122448979591837,0.515625,0.5,0.6666666666666667,0.6666666666666667,0.3055555555555556
../final_dataset/Interior/Kitchen/60.jpg,affine_transform,0.625,0.546875,0.7857142857142857,0.65625,0.65625,0.336734693877551,0.5625,1.0,0.71875,0.71875,0.3194444444444444
../final_dataset/Interior/Kitchen/60.jpg,perspective_transform,0.59375,0.546875,0.7857142857142857,0.640625,0.59375,0.7142857142857143,0.5078125,0.75,0.6875,0.6875,0.1944444444444444
../final_dataset/Interior/Kitchen/233.jpg,affine_transform,0.5,0.515625,0.8333333333333334,0.5,0.53125,0.3673469387755101,0.5234375,1.0,0.6666666666666667,0.6666666666666667,0.1805555555555555
../final_dataset/Interior/Kitchen/233.jpg,perspective_transform,0.59375,0.53125,0.7857142857142857,0.5,0.5,0.4285714285714286,0.5,1.0,0.6979166666666667,0.6979166666666667,0.1527777777777778
../final_dataset/Interior/Kitchen/124.jpg,affine_transform,0.65625,0.640625,0.8333333333333334,0.578125,0.5,0.3571428571428571,0.5390625,0.75,0.7604166666666666,0.7604166666666666,0.9444444444444444
../final_dataset/Interior/Kitchen/124.jpg,perspective_transform,0.46875,0.375,0.7619047619047619,0.40625,0.375,0.5918367346938775,0.4921875,0.796875,0.6458333333333333,0.6458333333333333,0.7777777777777778
../final_dataset/Interior/Kitchen/317.jpg,affine_transform,0.59375,0.59375,0.7619047619047619,0.546875,0.5625,0.6224489795918368,0.46875,1.0,0.4895833333333333,0.4895833333333333,0.7777777777777778
../final_dataset/Interior/Kitchen/317.jpg,perspective_transform,0.46875,0.390625,0.7142857142857143,0.515625,0.53125,0.4591836734693877,0.484375,1.0,0.5416666666666667,0.5416666666666667,0.6527777777777778
../final_dataset/Interior/Kitchen/189.jpg,affine_transform,0.46875,0.59375,0.7857142857142857,0.515625,0.46875,0.336734693877551,0.5234375,1.0,0.7708333333333334,0.7708333333333334,0.9305555555555556
../final_dataset/Interior/Kitchen/189.jpg,perspective_transform,0.5,0.625,0.7142857142857143,0.359375,0.34375,0.5612244897959184,0.515625,0.921875,0.6979166666666667,0.6979166666666667,0.7777777777777778
../final_dataset/Interior/Kitchen/158.jpg,affine_transform,0.5625,0.640625,0.7380952380952381,0.625,0.59375,0.2551020408163265,0.5,1.0,0.5833333333333333,0.5833333333333333,0.0694444444444444
../final_dataset/Interior/Kitchen/158.jpg,perspective_transform,0.53125,0.5,0.6904761904761905,0.46875,0.4375,0.6224489795918368,0.484375,1.0,0.5729166666666667,0.5729166666666667,0.0277777777777777
../final_dataset/Interior/Kitchen/111.jpg,affine_transform,0.53125,0.703125,0.7857142857142857,0.5,0.5,0.2448979591836735,0.5390625,1.0,0.71875,0.71875,0.0
../final_dataset/Interior/Kitchen/111.jpg,perspective_transform,0.5625,0.453125,0.7380952380952381,0.46875,0.46875,0.6734693877551021,0.5234375,0.734375,0.5104166666666667,0.5104166666666667,0.0277777777777777
../final_dataset/Interior/Kitchen/84.jpg,affine_transform,0.53125,0.53125,0.8333333333333334,0.578125,0.59375,0.5204081632653061,0.515625,1.0,0.7604166666666666,0.7604166666666666,0.0
../final_dataset/Interior/Kitchen/84.jpg,perspective_transform,0.53125,0.421875,0.7380952380952381,0.671875,0.71875,0.7142857142857143,0.5078125,1.0,0.6354166666666667,0.6354166666666667,0.0
../final_dataset/Interior/Kitchen/206.jpg,affine_transform,0.40625,0.578125,0.8571428571428572,0.5625,0.53125,0.3061224489795918,0.4765625,1.0,0.7291666666666667,0.7291666666666667,0.0
../final_dataset/Interior/Kitchen/206.jpg,perspective_transform,0.53125,0.5,0.7380952380952381,0.6875,0.59375,0.5918367346938775,0.4765625,0.859375,0.7291666666666667,0.7291666666666667,0.0
../final_dataset/Interior/Kitchen/55.jpg,affine_transform,0.59375,0.546875,0.8333333333333334,0.515625,0.5,0.3775510204081632,0.546875,0.78125,0.875,0.875,0.0
../final_dataset/Interior/Kitchen/55.jpg,perspective_transform,0.5,0.5,0.7619047619047619,0.359375,0.4375,0.4693877551020408,0.484375,0.59375,0.7083333333333333,0.7083333333333333,0.1111111111111111
../final_dataset/Interior/Kitchen/322.jpg,affine_transform,0.5625,0.515625,0.7857142857142857,0.625,0.65625,0.3469387755102041,0.5078125,1.0,0.59375,0.59375,0.4166666666666666
../final_dataset/Interior/Kitchen/322.jpg,perspective_transform,0.5625,0.453125,0.7619047619047619,0.484375,0.53125,0.6326530612244898,0.4921875,1.0,0.65625,0.65625,0.125
../final_dataset/Interior/Kitchen/29.jpg,affine_transform,0.53125,0.5,0.8809523809523809,0.578125,0.59375,0.6428571428571428,0.5,1.0,0.7708333333333334,0.7708333333333334,0.1388888888888888
../final_dataset/Interior/Kitchen/29.jpg,perspective_transform,0.5625,0.578125,0.8333333333333334,0.625,0.625,0.4489795918367347,0.53125,0.890625,0.625,0.625,0.0277777777777777
../final_dataset/Interior/Kitchen/325.jpg,affine_transform,0.4375,0.5625,0.8333333333333334,0.453125,0.4375,0.2653061224489795,0.546875,1.0,0.6145833333333333,0.6145833333333333,0.125
../final_dataset/Interior/Kitchen/325.jpg,perspective_transform,0.40625,0.46875,0.7380952380952381,0.453125,0.4375,0.6020408163265306,0.453125,1.0,0.6770833333333333,0.6770833333333333,0.1944444444444444
../final_dataset/Interior/Kitchen/359.jpg,affine_transform,0.5,0.5625,0.8095238095238095,0.671875,0.65625,0.1938775510204081,0.53125,1.0,0.7395833333333333,0.7395833333333333,0.0416666666666666
../final_dataset/Interior/Kitchen/359.jpg,perspective_transform,0.5625,0.671875,0.7857142857142857,0.75,0.6875,0.5510204081632653,0.5,1.0,0.6979166666666667,0.6979166666666667,0.0694444444444444
../final_dataset/Interior/Kitchen/388.jpg,affine_transform,0.59375,0.546875,0.8095238095238095,0.578125,0.5,0.7448979591836735,0.5390625,1.0,0.7291666666666667,0.7291666666666667,0.1527777777777778
../final_dataset/Interior/Kitchen/388.jpg,perspective_transform,0.5,0.40625,0.6904761904761905,0.5,0.46875,0.3979591836734694,0.46875,0.453125,0.6875,0.6875,0.0694444444444444
../final_dataset/Interior/Kitchen/83.jpg,affine_transform,0.5625,0.578125,0.8809523809523809,0.640625,0.5625,0.5612244897959184,0.4609375,1.0,0.5833333333333333,0.5833333333333333,0.9722222222222222
../final_dataset/Interior/Kitchen/83.jpg,perspective_transform,0.5625,0.546875,0.7619047619047619,0.625,0.53125,0.5612244897959184,0.546875,1.0,0.65625,0.65625,0.6388888888888888
../final_dataset/Interior/Kitchen/116.jpg,affine_transform,0.46875,0.609375,0.8571428571428572,0.65625,0.625,0.4489795918367347,0.5078125,1.0,0.6770833333333333,0.6770833333333333,0.4027777777777778
../final_dataset/Interior/Kitchen/116.jpg,perspective_transform,0.59375,0.484375,0.7857142857142857,0.375,0.28125,0.4795918367346938,0.53125,0.71875,0.6770833333333333,0.6770833333333333,0.2083333333333333
../final_dataset/Interior/Kitchen/201.jpg,affine_transform,0.5,0.453125,0.9047619047619048,0.640625,0.65625,0.5612244897959184,0.5625,1.0,0.65625,0.65625,0.9722222222222222
../final_dataset/Interior/Kitchen/201.jpg,perspective_transform,0.46875,0.46875,0.8095238095238095,0.671875,0.6875,0.6428571428571428,0.46875,0.515625,0.5625,0.5625,0.6388888888888888
../final_dataset/Interior/Kitchen/52.jpg,affine_transform,0.5625,0.546875,0.8809523809523809,0.609375,0.625,0.4183673469387755,0.515625,1.0,0.7395833333333333,0.7395833333333333,0.0694444444444444
../final_dataset/Interior/Kitchen/52.jpg,perspective_transform,0.46875,0.59375,0.7857142857142857,0.3125,0.3125,0.5816326530612245,0.4921875,0.90625,0.71875,0.71875,0.0
../final_dataset/Interior/Kitchen/164.jpg,affine_transform,0.5,0.578125,0.8809523809523809,0.609375,0.59375,0.5816326530612245,0.453125,0.78125,0.6875,0.6875,0.0
../final_dataset/Interior/Kitchen/164.jpg,perspective_transform,0.53125,0.328125,0.7380952380952381,0.65625,0.71875,0.5204081632653061,0.484375,0.484375,0.59375,0.59375,0.0
../final_dataset/Interior/Kitchen/273.jpg,affine_transform,0.5,0.609375,0.8333333333333334,0.546875,0.5,0.2755102040816326,0.5078125,1.0,0.625,0.625,0.0
../final_dataset/Interior/Kitchen/273.jpg,perspective_transform,0.65625,0.484375,0.7619047619047619,0.59375,0.59375,0.653061224489796,0.53125,0.6875,0.5729166666666667,0.5729166666666667,0.0
../final_dataset/Interior/Kitchen/20.jpg,affine_transform,0.5625,0.421875,0.9047619047619048,0.546875,0.5625,0.4387755102040817,0.484375,1.0,0.625,0.625,0.0
../final_dataset/Interior/Kitchen/20.jpg,perspective_transform,0.5625,0.609375,0.8095238095238095,0.46875,0.5,0.6326530612244898,0.5234375,0.6875,0.53125,0.53125,0.0694444444444444
../final_dataset/Interior/Kitchen/357.jpg,affine_transform,0.46875,0.5625,0.8095238095238095,0.625,0.59375,0.4387755102040817,0.53125,1.0,0.7291666666666667,0.7291666666666667,0.0138888888888888
../final_dataset/Interior/Kitchen/357.jpg,perspective_transform,0.5,0.359375,0.7857142857142857,0.453125,0.46875,0.6020408163265306,0.53125,0.90625,0.6458333333333333,0.6458333333333333,0.0833333333333333
../final_dataset/Interior/Kitchen/386.jpg,affine_transform,0.46875,0.53125,0.8095238095238095,0.453125,0.5,0.183673469387755,0.578125,1.0,0.8333333333333334,0.8333333333333334,0.2638888888888888
../final_dataset/Interior/Kitchen/386.jpg,perspective_transform,0.53125,0.5,0.7619047619047619,0.453125,0.53125,0.653061224489796,0.5390625,0.96875,0.59375,0.59375,0.0833333333333333
../final_dataset/Interior/Kitchen/118.jpg,affine_transform,0.53125,0.390625,0.8333333333333334,0.65625,0.6875,0.4897959183673469,0.4921875,0.84375,0.7083333333333333,0.6979166666666667,0.0694444444444444
../final_dataset/Interior/Kitchen/118.jpg,perspective_transform,0.625,0.578125,0.7619047619047619,0.734375,0.78125,0.6632653061224489,0.515625,1.0,0.6666666666666667,0.6666666666666667,0.0833333333333333
../final_dataset/Interior/Kitchen/350.jpg,affine_transform,0.5,0.484375,0.8095238095238095,0.65625,0.625,0.2857142857142857,0.5078125,1.0,0.5625,0.5625,0.0833333333333333
../final_dataset/Interior/Kitchen/350.jpg,perspective_transform,0.375,0.53125,0.7380952380952381,0.609375,0.625,0.6734693877551021,0.453125,0.765625,0.5416666666666667,0.5416666666666667,0.4722222222222222
../final_dataset/Interior/Kitchen/381.jpg,affine_transform,0.46875,0.453125,0.8809523809523809,0.546875,0.59375,0.3979591836734694,0.46875,1.0,0.7708333333333334,0.7708333333333334,0.3194444444444444
../final_dataset/Interior/Kitchen/381.jpg,perspective_transform,0.59375,0.5,0.8095238095238095,0.75,0.71875,0.7959183673469388,0.515625,1.0,0.6354166666666667,0.6354166666666667,0.0833333333333333
../final_dataset/Interior/Kitchen/208.jpg,affine_transform,0.59375,0.53125,0.8333333333333334,0.625,0.625,0.2244897959183673,0.578125,1.0,0.7708333333333334,0.7708333333333334,0.0277777777777777
../final_dataset/Interior/Kitchen/208.jpg,perspective_transform,0.5,0.515625,0.7619047619047619,0.421875,0.34375,0.5816326530612245,0.515625,1.0,0.59375,0.59375,0.0277777777777777
../final_dataset/Interior/Kitchen/163.jpg,affine_transform,0.5,0.5625,0.7857142857142857,0.59375,0.6875,0.4387755102040817,0.5078125,1.0,0.8020833333333334,0.8020833333333334,0.9305555555555556
../final_dataset/Interior/Kitchen/163.jpg,perspective_transform,0.46875,0.546875,0.7380952380952381,0.34375,0.34375,0.3979591836734694,0.453125,0.4375,0.6666666666666667,0.6666666666666667,0.7222222222222222
../final_dataset/Interior/Kitchen/274.jpg,affine_transform,0.5,0.5625,0.8095238095238095,0.5,0.5,0.2346938775510204,0.46875,1.0,0.53125,0.53125,0.6527777777777778
../final_dataset/Interior/Kitchen/274.jpg,perspective_transform,0.5625,0.625,0.7142857142857143,0.46875,0.5625,0.5408163265306123,0.4921875,0.75,0.7083333333333333,0.7083333333333333,0.4027777777777778
../final_dataset/Interior/Kitchen/27.jpg,affine_transform,0.59375,0.453125,0.8333333333333334,0.765625,0.78125,0.4489795918367347,0.546875,1.0,0.6145833333333333,0.6145833333333333,0.9444444444444444
../final_dataset/Interior/Kitchen/27.jpg,perspective_transform,0.46875,0.296875,0.6904761904761905,0.6875,0.6875,0.7959183673469388,0.4921875,0.75,0.6979166666666667,0.6979166666666667,0.8055555555555556
../final_dataset/Interior/Kitchen/219.jpg,affine_transform,0.6875,0.53125,0.8571428571428572,0.59375,0.59375,0.4285714285714286,0.515625,1.0,0.6979166666666667,0.6979166666666667,0.0
../final_dataset/Interior/Kitchen/219.jpg,perspective_transform,0.5,0.484375,0.7619047619047619,0.546875,0.5625,0.5714285714285714,0.53125,1.0,0.6666666666666667,0.6666666666666667,0.0
../final_dataset/Interior/Kitchen/390.jpg,affine_transform,0.5625,0.484375,0.8333333333333334,0.578125,0.625,0.5,0.484375,1.0,0.5729166666666667,0.5729166666666667,0.0
../final_dataset/Interior/Kitchen/390.jpg,perspective_transform,0.59375,0.484375,0.7619047619047619,0.671875,0.6875,0.4897959183673469,0.5546875,0.65625,0.5833333333333333,0.5833333333333333,0.0
../final_dataset/Interior/Kitchen/341.jpg,affine_transform,0.53125,0.546875,0.8333333333333334,0.5625,0.59375,0.5,0.515625,1.0,0.7916666666666666,0.7916666666666666,0.0277777777777777
../final_dataset/Interior/Kitchen/341.jpg,perspective_transform,0.5,0.421875,0.7857142857142857,0.609375,0.65625,0.653061224489796,0.5234375,1.0,0.7083333333333333,0.7083333333333333,0.0
../final_dataset/Interior/Kitchen/265.jpg,affine_transform,0.5625,0.4375,0.8571428571428572,0.515625,0.53125,0.7959183673469388,0.53125,1.0,0.5625,0.5625,0.0
../final_dataset/Interior/Kitchen/265.jpg,perspective_transform,0.46875,0.46875,0.7380952380952381,0.5625,0.5625,0.4489795918367347,0.5078125,0.71875,0.5833333333333333,0.5833333333333333,0.0138888888888888
../final_dataset/Interior/Kitchen/36.jpg,affine_transform,0.46875,0.5,0.8571428571428572,0.640625,0.625,0.5816326530612245,0.484375,0.578125,0.7083333333333333,0.71875,0.0
../final_dataset/Interior/Kitchen/36.jpg,perspective_transform,0.46875,0.453125,0.7857142857142857,0.484375,0.5,0.5102040816326531,0.46875,0.765625,0.6145833333333333,0.6041666666666667,0.1666666666666666
../final_dataset/Interior/Kitchen/172.jpg,affine_transform,0.53125,0.5,0.8809523809523809,0.515625,0.5,0.1530612244897958,0.5390625,0.765625,0.78125,0.78125,0.125
../final_dataset/Interior/Kitchen/172.jpg,perspective_transform,0.625,0.484375,0.7857142857142857,0.546875,0.5,0.6122448979591837,0.4921875,0.75,0.75,0.75,0.1944444444444444
../final_dataset/Interior/Kitchen/262.jpg,affine_transform,0.5625,0.578125,0.8333333333333334,0.671875,0.6875,0.3877551020408163,0.5234375,1.0,0.5729166666666667,0.5729166666666667,0.1666666666666666
../final_dataset/Interior/Kitchen/262.jpg,perspective_transform,0.5,0.5,0.7619047619047619,0.625,0.625,0.7040816326530612,0.484375,1.0,0.625,0.625,0.0
../final_dataset/Interior/Kitchen/31.jpg,affine_transform,0.5,0.53125,0.8333333333333334,0.640625,0.65625,0.3877551020408163,0.4921875,0.75,0.6770833333333333,0.6770833333333333,0.1944444444444444
../final_dataset/Interior/Kitchen/31.jpg,perspective_transform,0.625,0.515625,0.7619047619047619,0.703125,0.6875,0.7551020408163265,0.515625,1.0,0.6041666666666667,0.6041666666666667,0.0277777777777777
../final_dataset/Interior/Kitchen/175.jpg,affine_transform,0.46875,0.515625,0.8333333333333334,0.609375,0.625,0.4285714285714286,0.53125,1.0,0.6458333333333333,0.6458333333333333,0.2222222222222222
../final_dataset/Interior/Kitchen/175.jpg,perspective_transform,0.4375,0.453125,0.7857142857142857,0.734375,0.75,0.7653061224489796,0.4453125,1.0,0.6770833333333333,0.6770833333333333,0.125
../final_dataset/Interior/Kitchen/109.jpg,affine_transform,0.5,0.546875,0.8809523809523809,0.578125,0.59375,0.3775510204081632,0.46875,1.0,0.5833333333333333,0.5833333333333333,0.0
../final_dataset/Interior/Kitchen/109.jpg,perspective_transform,0.40625,0.453125,0.7619047619047619,0.65625,0.65625,0.7040816326530612,0.515625,0.84375,0.6875,0.6875,0.0972222222222222
../final_dataset/Interior/Kitchen/397.jpg,affine_transform,0.40625,0.46875,0.8095238095238095,0.640625,0.625,0.4183673469387755,0.53125,1.0,0.7708333333333334,0.7708333333333334,0.9166666666666666
../final_dataset/Interior/Kitchen/397.jpg,perspective_transform,0.40625,0.546875,0.7380952380952381,0.4375,0.4375,0.4693877551020408,0.453125,1.0,0.5520833333333333,0.5520833333333333,0.6666666666666667
../final_dataset/Interior/Kitchen/346.jpg,affine_transform,0.46875,0.578125,0.8333333333333334,0.640625,0.59375,0.4795918367346938,0.5234375,1.0,0.8333333333333334,0.8333333333333334,0.3472222222222222
../final_dataset/Interior/Kitchen/346.jpg,perspective_transform,0.40625,0.359375,0.7380952380952381,0.609375,0.53125,0.5408163265306123,0.484375,1.0,0.7291666666666667,0.7291666666666667,0.2638888888888888
../final_dataset/Interior/Kitchen/334.jpg,affine_transform,0.59375,0.609375,0.8571428571428572,0.609375,0.65625,0.5816326530612245,0.5,1.0,0.8854166666666666,0.8854166666666666,0.8472222222222222
../final_dataset/Interior/Kitchen/334.jpg,perspective_transform,0.5625,0.578125,0.7619047619047619,0.625,0.625,0.4795918367346938,0.515625,0.75,0.7291666666666667,0.7291666666666667,0.4444444444444444
../final_dataset/Interior/Kitchen/210.jpg,affine_transform,0.5625,0.640625,0.8333333333333334,0.4375,0.46875,0.3877551020408163,0.46875,1.0,0.7916666666666666,0.7916666666666666,0.1388888888888888
../final_dataset/Interior/Kitchen/210.jpg,perspective_transform,0.46875,0.375,0.7857142857142857,0.5,0.40625,0.4081632653061224,0.53125,0.96875,0.75,0.75,0.0
../final_dataset/Interior/Kitchen/43.jpg,affine_transform,0.5625,0.515625,0.8095238095238095,0.546875,0.5,0.336734693877551,0.4609375,1.0,0.625,0.625,0.0277777777777777
../final_dataset/Interior/Kitchen/43.jpg,perspective_transform,0.5625,0.53125,0.7857142857142857,0.609375,0.625,0.7448979591836735,0.4609375,0.640625,0.6770833333333333,0.6770833333333333,0.0277777777777777
../final_dataset/Interior/Kitchen/107.jpg,affine_transform,0.5625,0.484375,0.9285714285714286,0.546875,0.5625,0.5102040816326531,0.515625,1.0,0.6875,0.6875,0.0
../final_dataset/Interior/Kitchen/107.jpg,perspective_transform,0.40625,0.390625,0.8095238095238095,0.671875,0.625,0.6020408163265306,0.4609375,0.828125,0.6145833333333333,0.6145833333333333,0.0
../final_dataset/Interior/Kitchen/92.jpg,affine_transform,0.53125,0.546875,0.8333333333333334,0.484375,0.46875,0.3469387755102041,0.5078125,1.0,0.7083333333333333,0.7083333333333333,0.0
../final_dataset/Interior/Kitchen/92.jpg,perspective_transform,0.375,0.484375,0.7857142857142857,0.34375,0.375,0.3775510204081632,0.484375,0.859375,0.6770833333333333,0.6770833333333333,0.0
../final_dataset/Interior/Kitchen/399.jpg,affine_transform,0.5625,0.53125,0.8333333333333334,0.65625,0.65625,0.6122448979591837,0.546875,1.0,0.6875,0.6979166666666667,0.0555555555555555
../final_dataset/Interior/Kitchen/399.jpg,perspective_transform,0.59375,0.5,0.7857142857142857,0.625,0.65625,0.5918367346938775,0.5078125,0.96875,0.5625,0.5729166666666667,0.3194444444444444
../final_dataset/Interior/Kitchen/348.jpg,affine_transform,0.625,0.59375,0.8571428571428572,0.59375,0.65625,0.2142857142857143,0.5078125,1.0,0.8020833333333334,0.8020833333333334,0.2361111111111111
../final_dataset/Interior/Kitchen/348.jpg,perspective_transform,0.5,0.453125,0.7619047619047619,0.65625,0.625,0.653061224489796,0.4921875,1.0,0.59375,0.59375,0.1944444444444444
../final_dataset/Interior/Kitchen/217.jpg,affine_transform,0.53125,0.546875,0.8095238095238095,0.71875,0.71875,0.5306122448979591,0.515625,1.0,0.75,0.75,0.1944444444444444
../final_dataset/Interior/Kitchen/217.jpg,perspective_transform,0.59375,0.46875,0.7857142857142857,0.28125,0.25,0.4183673469387755,0.5,0.8125,0.5625,0.5625,0.25
../final_dataset/Interior/Kitchen/44.jpg,affine_transform,0.5,0.5,0.8095238095238095,0.625,0.6875,0.4897959183673469,0.5078125,1.0,0.6770833333333333,0.6770833333333333,0.1944444444444444
../final_dataset/Interior/Kitchen/44.jpg,perspective_transform,0.5,0.359375,0.7142857142857143,0.34375,0.3125,0.5408163265306123,0.4921875,0.890625,0.71875,0.71875,0.2638888888888888
../final_dataset/Interior/Kitchen/95.jpg,affine_transform,0.5625,0.53125,0.8333333333333334,0.625,0.625,0.2448979591836735,0.5078125,1.0,0.6875,0.6979166666666667,0.4166666666666666
../final_dataset/Interior/Kitchen/95.jpg,perspective_transform,0.5,0.359375,0.7619047619047619,0.515625,0.53125,0.6632653061224489,0.515625,1.0,0.6354166666666667,0.6458333333333333,0.2083333333333333
../final_dataset/Interior/Kitchen/100.jpg,affine_transform,0.5,0.6875,0.8571428571428572,0.703125,0.6875,0.4285714285714286,0.53125,1.0,0.5833333333333333,0.5833333333333333,0.3194444444444444
../final_dataset/Interior/Kitchen/100.jpg,perspective_transform,0.5625,0.5,0.7380952380952381,0.625,0.5625,0.5612244897959184,0.4921875,1.0,0.6979166666666667,0.6979166666666667,0.1388888888888888
../final_dataset/Interior/Kitchen/38.jpg,affine_transform,0.46875,0.453125,0.8095238095238095,0.578125,0.53125,0.5204081632653061,0.4453125,1.0,0.59375,0.59375,0.6944444444444444
../final_dataset/Interior/Kitchen/38.jpg,perspective_transform,0.40625,0.453125,0.7142857142857143,0.53125,0.53125,0.4591836734693877,0.4375,0.765625,0.625,0.625,0.3472222222222222
../final_dataset/Interior/Kitchen/333.jpg,affine_transform,0.40625,0.53125,0.8333333333333334,0.46875,0.4375,0.2653061224489795,0.453125,1.0,0.6875,0.6875,0.5555555555555556
../final_dataset/Interior/Kitchen/333.jpg,perspective_transform,0.5625,0.53125,0.7142857142857143,0.484375,0.4375,0.6224489795918368,0.5390625,0.859375,0.65625,0.65625,0.5
../final_dataset/Interior/Kitchen/4.jpg,affine_transform,0.53125,0.484375,0.8571428571428572,0.515625,0.53125,0.6326530612244898,0.5703125,0.8125,0.8541666666666666,0.8541666666666666,0.8611111111111112
../final_dataset/Interior/Kitchen/4.jpg,perspective_transform,0.625,0.546875,0.7619047619047619,0.671875,0.75,0.4897959183673469,0.515625,0.90625,0.78125,0.78125,0.5555555555555556
../final_dataset/Interior/Kitchen/135.jpg,affine_transform,0.40625,0.625,0.7857142857142857,0.453125,0.53125,0.336734693877551,0.546875,1.0,0.5520833333333333,0.5520833333333333,0.1388888888888888
../final_dataset/Interior/Kitchen/135.jpg,perspective_transform,0.375,0.53125,0.7380952380952381,0.5625,0.5625,0.6938775510204082,0.453125,0.421875,0.6354166666666667,0.6354166666666667,0.0
../final_dataset/Interior/Kitchen/71.jpg,affine_transform,0.5,0.546875,0.7857142857142857,0.65625,0.6875,0.2551020408163265,0.5,1.0,0.7291666666666667,0.7291666666666667,0.0694444444444444
../final_dataset/Interior/Kitchen/71.jpg,perspective_transform,0.5,0.515625,0.7619047619047619,0.453125,0.5,0.5714285714285714,0.4921875,0.75,0.5833333333333333,0.5833333333333333,0.0972222222222222
../final_dataset/Interior/Kitchen/222.jpg,affine_transform,0.65625,0.640625,0.8095238095238095,0.53125,0.53125,0.2551020408163265,0.546875,1.0,0.8125,0.8125,0.0416666666666666
../final_dataset/Interior/Kitchen/222.jpg,perspective_transform,0.625,0.578125,0.8095238095238095,0.46875,0.4375,0.6734693877551021,0.5390625,0.859375,0.6770833333333333,0.6770833333333333,0.125
../final_dataset/Interior/Kitchen/149.jpg,affine_transform,0.53125,0.359375,0.9047619047619048,0.578125,0.625,0.3775510204081632,0.5078125,1.0,0.78125,0.78125,0.0
../final_dataset/Interior/Kitchen/149.jpg,perspective_transform,0.46875,0.578125,0.8333333333333334,0.75,0.78125,0.6938775510204082,0.5234375,0.71875,0.5833333333333333,0.5833333333333333,0.0
../final_dataset/Interior/Kitchen/198.jpg,affine_transform,0.625,0.5,0.8333333333333334,0.671875,0.625,0.4795918367346938,0.4921875,1.0,0.7291666666666667,0.7291666666666667,0.0
../final_dataset/Interior/Kitchen/198.jpg,perspective_transform,0.46875,0.53125,0.7380952380952381,0.46875,0.4375,0.4693877551020408,0.4765625,0.765625,0.59375,0.59375,0.375
../final_dataset/Interior/Kitchen/306.jpg,affine_transform,0.5,0.515625,0.8333333333333334,0.5625,0.5625,0.2346938775510204,0.5390625,1.0,0.7916666666666666,0.7916666666666666,0.2777777777777778
../final_dataset/Interior/Kitchen/306.jpg,perspective_transform,0.53125,0.46875,0.7857142857142857,0.375,0.375,0.6020408163265306,0.46875,1.0,0.6875,0.6875,0.4861111111111111
../final_dataset/Interior/Kitchen/288.jpg,affine_transform,0.5625,0.453125,0.8571428571428572,0.75,0.75,0.4387755102040817,0.5,1.0,0.75,0.75,0.3888888888888888
../final_dataset/Interior/Kitchen/288.jpg,perspective_transform,0.53125,0.5625,0.7857142857142857,0.734375,0.75,0.6632653061224489,0.46875,0.875,0.6666666666666667,0.6666666666666667,0.0138888888888888
../final_dataset/Interior/Kitchen/259.jpg,affine_transform,0.53125,0.546875,0.8571428571428572,0.5625,0.5625,0.2244897959183673,0.5,1.0,0.7083333333333333,0.7083333333333333,0.4861111111111111
../final_dataset/Interior/Kitchen/259.jpg,perspective_transform,0.59375,0.5625,0.7857142857142857,0.546875,0.5,0.6122448979591837,0.4921875,1.0,0.6041666666666667,0.6041666666666667,0.4166666666666666
../final_dataset/Interior/Kitchen/301.jpg,affine_transform,0.53125,0.5625,0.8333333333333334,0.609375,0.625,0.5306122448979591,0.4765625,1.0,0.6458333333333333,0.6458333333333333,0.625
../final_dataset/Interior/Kitchen/301.jpg,perspective_transform,0.53125,0.5,0.7857142857142857,0.671875,0.625,0.6224489795918368,0.5,1.0,0.6666666666666667,0.6666666666666667,0.5138888888888888
../final_dataset/Interior/Kitchen/3.jpg,affine_transform,0.5,0.546875,0.8571428571428572,0.515625,0.53125,0.173469387755102,0.4609375,1.0,0.7291666666666667,0.7291666666666667,0.3333333333333333
../final_dataset/Interior/Kitchen/3.jpg,perspective_transform,0.53125,0.46875,0.7619047619047619,0.515625,0.46875,0.5306122448979591,0.46875,0.75,0.7083333333333333,0.7083333333333333,0.3611111111111111
../final_dataset/Interior/Kitchen/132.jpg,affine_transform,0.5,0.65625,0.8095238095238095,0.53125,0.625,0.5918367346938775,0.4375,1.0,0.8229166666666666,0.8229166666666666,0.7916666666666666
../final_dataset/Interior/Kitchen/132.jpg,perspective_transform,0.46875,0.5,0.7619047619047619,0.53125,0.5,0.4285714285714286,0.5234375,0.890625,0.7083333333333333,0.7083333333333333,0.6388888888888888
../final_dataset/Interior/Kitchen/76.jpg,affine_transform,0.59375,0.53125,0.8571428571428572,0.53125,0.59375,0.4489795918367347,0.46875,1.0,0.6979166666666667,0.6979166666666667,0.4166666666666666
../final_dataset/Interior/Kitchen/76.jpg,perspective_transform,0.59375,0.515625,0.7619047619047619,0.6875,0.65625,0.6020408163265306,0.5078125,0.890625,0.65625,0.65625,0.4166666666666666
../final_dataset/Interior/Kitchen/225.jpg,affine_transform,0.4375,0.546875,0.8809523809523809,0.640625,0.6875,0.5816326530612245,0.5234375,1.0,0.7291666666666667,0.7291666666666667,0.7361111111111112
../final_dataset/Interior/Kitchen/225.jpg,perspective_transform,0.46875,0.34375,0.8571428571428572,0.65625,0.65625,0.5816326530612245,0.5078125,0.765625,0.6875,0.6875,0.5138888888888888
../final_dataset/Interior/Kitchen/286.jpg,affine_transform,0.5625,0.546875,0.8571428571428572,0.515625,0.5,0.2857142857142857,0.484375,1.0,0.6145833333333333,0.6145833333333333,0.2222222222222222
../final_dataset/Interior/Kitchen/286.jpg,perspective_transform,0.59375,0.53125,0.7619047619047619,0.34375,0.375,0.5408163265306123,0.53125,0.84375,0.6041666666666667,0.6041666666666667,0.0694444444444444
../final_dataset/Interior/Kitchen/140.jpg,affine_transform,0.5625,0.5625,0.8571428571428572,0.609375,0.625,0.5714285714285714,0.484375,1.0,0.625,0.625,0.3055555555555556
../final_dataset/Interior/Kitchen/140.jpg,perspective_transform,0.5,0.5625,0.8095238095238095,0.515625,0.5625,0.3877551020408163,0.484375,0.765625,0.6145833333333333,0.6145833333333333,0.3055555555555556
../final_dataset/Interior/Kitchen/191.jpg,affine_transform,0.5625,0.640625,0.8333333333333334,0.640625,0.65625,0.4693877551020408,0.4765625,1.0,0.7083333333333333,0.7083333333333333,1.0
../final_dataset/Interior/Kitchen/191.jpg,perspective_transform,0.5,0.578125,0.8095238095238095,0.265625,0.28125,0.3877551020408163,0.4453125,0.90625,0.7708333333333334,0.7708333333333334,1.0
../final_dataset/Interior/Kitchen/257.jpg,affine_transform,0.46875,0.453125,0.8095238095238095,0.578125,0.53125,0.5204081632653061,0.4453125,1.0,0.59375,0.59375,1.0
../final_dataset/Interior/Kitchen/257.jpg,perspective_transform,0.40625,0.453125,0.7142857142857143,0.53125,0.53125,0.4591836734693877,0.4375,0.765625,0.625,0.625,1.0
../final_dataset/Interior/Kitchen/78.jpg,affine_transform,0.5625,0.59375,0.7857142857142857,0.625,0.59375,0.4795918367346938,0.5,1.0,0.71875,0.71875,1.0
../final_dataset/Interior/Kitchen/78.jpg,perspective_transform,0.46875,0.578125,0.7380952380952381,0.46875,0.46875,0.4489795918367347,0.53125,0.796875,0.6875,0.6875,1.0
../final_dataset/Interior/Kitchen/373.jpg,affine_transform,0.53125,0.578125,0.8095238095238095,0.65625,0.6875,0.5408163265306123,0.4609375,1.0,0.7708333333333334,0.7708333333333334,1.0
../final_dataset/Interior/Kitchen/373.jpg,perspective_transform,0.53125,0.46875,0.7142857142857143,0.40625,0.40625,0.3673469387755101,0.4921875,1.0,0.6979166666666667,0.6979166666666667,1.0
../final_dataset/Interior/Kitchen/374.jpg,affine_transform,0.53125,0.5,0.8333333333333334,0.5625,0.59375,0.4183673469387755,0.5390625,1.0,0.75,0.75,1.0
../final_dataset/Interior/Kitchen/374.jpg,perspective_transform,0.5,0.515625,0.7857142857142857,0.546875,0.5625,0.6326530612244898,0.46875,0.890625,0.71875,0.71875,1.0
../final_dataset/Interior/Kitchen/402.jpg,affine_transform,0.5,0.53125,0.8333333333333334,0.578125,0.5,0.2857142857142857,0.453125,1.0,0.6770833333333333,0.6770833333333333,1.0
../final_dataset/Interior/Kitchen/402.jpg,perspective_transform,0.5625,0.609375,0.7619047619047619,0.4375,0.4375,0.7142857142857143,0.46875,0.921875,0.6979166666666667,0.6979166666666667,1.0
../final_dataset/Interior/Kitchen/281.jpg,affine_transform,0.5,0.4375,0.8571428571428572,0.671875,0.65625,0.326530612244898,0.5,1.0,0.75,0.75,1.0
../final_dataset/Interior/Kitchen/281.jpg,perspective_transform,0.375,0.4375,0.7619047619047619,0.734375,0.71875,0.7448979591836735,0.484375,1.0,0.625,0.625,1.0
../final_dataset/Interior/Kitchen/147.jpg,affine_transform,0.5,0.609375,0.8095238095238095,0.71875,0.65625,0.5204081632653061,0.5,1.0,0.6354166666666667,0.6354166666666667,1.0
../final_dataset/Interior/Kitchen/147.jpg,perspective_transform,0.53125,0.390625,0.7619047619047619,0.34375,0.3125,0.3571428571428571,0.4921875,1.0,0.7083333333333333,0.7083333333333333,1.0
../final_dataset/Interior/Kitchen/196.jpg,affine_transform,0.46875,0.453125,0.8095238095238095,0.578125,0.53125,0.5204081632653061,0.4453125,1.0,0.59375,0.59375,1.0
../final_dataset/Interior/Kitchen/196.jpg,perspective_transform,0.40625,0.453125,0.7142857142857143,0.53125,0.53125,0.4591836734693877,0.4375,0.765625,0.625,0.625,1.0
../final_dataset/Interior/Kitchen/250.jpg,affine_transform,0.4375,0.359375,0.8095238095238095,0.515625,0.53125,0.5612244897959184,0.5234375,1.0,0.6979166666666667,0.6979166666666667,1.0
../final_dataset/Interior/Kitchen/250.jpg,perspective_transform,0.59375,0.359375,0.7380952380952381,0.71875,0.78125,0.6428571428571428,0.515625,1.0,0.7604166666666666,0.7604166666666666,1.0
../final_dataset/Interior/Kitchen/308.jpg,affine_transform,0.59375,0.53125,0.8333333333333334,0.765625,0.78125,0.4489795918367347,0.5,1.0,0.84375,0.84375,1.0
../final_dataset/Interior/Kitchen/308.jpg,perspective_transform,0.5625,0.59375,0.7857142857142857,0.78125,0.75,0.8571428571428572,0.5390625,0.84375,0.7083333333333333,0.7083333333333333,1.0
../final_dataset/Interior/Kitchen/351.jpg,affine_transform,0.59375,0.484375,0.8571428571428572,0.578125,0.5625,0.3877551020408163,0.4765625,1.0,0.6770833333333333,0.6770833333333333,0.4583333333333333
../final_dataset/Interior/Kitchen/351.jpg,perspective_transform,0.4375,0.4375,0.7857142857142857,0.546875,0.5,0.5510204081632653,0.4921875,1.0,0.6979166666666667,0.6979166666666667,0.0277777777777777
../final_dataset/Interior/Kitchen/380.jpg,affine_transform,0.5,0.59375,0.8571428571428572,0.640625,0.625,0.4285714285714286,0.515625,1.0,0.71875,0.71875,0.0
../final_dataset/Interior/Kitchen/380.jpg,perspective_transform,0.5625,0.484375,0.7857142857142857,0.625,0.59375,0.5510204081632653,0.5234375,1.0,0.625,0.625,0.0
../final_dataset/Interior/Kitchen/209.jpg,affine_transform,0.5625,0.5,0.8571428571428572,0.578125,0.5625,0.2551020408163265,0.484375,1.0,0.75,0.75,0.0
../final_dataset/Interior/Kitchen/209.jpg,perspective_transform,0.40625,0.515625,0.7619047619047619,0.5,0.5,0.653061224489796,0.4765625,1.0,0.7604166666666666,0.7604166666666666,0.0
../final_dataset/Interior/Kitchen/162.jpg,affine_transform,0.40625,0.515625,0.8333333333333334,0.65625,0.59375,0.3163265306122449,0.4765625,1.0,0.78125,0.78125,0.0
../final_dataset/Interior/Kitchen/162.jpg,perspective_transform,0.53125,0.453125,0.8333333333333334,0.484375,0.5625,0.7551020408163265,0.453125,0.734375,0.7083333333333333,0.7083333333333333,0.0555555555555555
../final_dataset/Interior/Kitchen/275.jpg,affine_transform,0.5,0.546875,0.8571428571428572,0.703125,0.625,0.653061224489796,0.4765625,1.0,0.75,0.75,0.0277777777777777
../final_dataset/Interior/Kitchen/275.jpg,perspective_transform,0.5625,0.546875,0.7857142857142857,0.375,0.375,0.3979591836734694,0.4609375,1.0,0.7083333333333333,0.7083333333333333,0.1111111111111111
../final_dataset/Interior/Kitchen/26.jpg,affine_transform,0.5,0.515625,0.8333333333333334,0.703125,0.65625,0.5306122448979591,0.515625,1.0,0.7395833333333333,0.7395833333333333,0.3194444444444444
../final_dataset/Interior/Kitchen/26.jpg,perspective_transform,0.46875,0.375,0.7619047619047619,0.296875,0.34375,0.4489795918367347,0.5,0.859375,0.8125,0.8125,0.1388888888888888
../final_dataset/Interior/Kitchen/165.jpg,affine_transform,0.4375,0.5,0.8333333333333334,0.625,0.625,0.2653061224489795,0.4453125,0.828125,0.625,0.6145833333333333,0.0972222222222222
../final_dataset/Interior/Kitchen/165.jpg,perspective_transform,0.4375,0.453125,0.7857142857142857,0.609375,0.59375,0.7448979591836735,0.5,0.859375,0.6354166666666667,0.625,0.0
../final_dataset/Interior/Kitchen/272.jpg,affine_transform,0.53125,0.5625,0.8333333333333334,0.671875,0.65625,0.4897959183673469,0.515625,0.8125,0.6354166666666667,0.6354166666666667,0.1388888888888888
../final_dataset/Interior/Kitchen/272.jpg,perspective_transform,0.5,0.34375,0.7857142857142857,0.390625,0.375,0.5204081632653061,0.4921875,1.0,0.75,0.7604166666666666,0.2916666666666666
../final_dataset/Interior/Kitchen/21.jpg,affine_transform,0.5,0.5,0.8333333333333334,0.640625,0.6875,0.2857142857142857,0.46875,1.0,0.625,0.625,0.2222222222222222
../final_dataset/Interior/Kitchen/21.jpg,perspective_transform,0.5,0.453125,0.7619047619047619,0.75,0.75,0.8163265306122449,0.4921875,0.953125,0.625,0.625,0.1666666666666666
../final_dataset/Interior/Kitchen/356.jpg,affine_transform,0.59375,0.65625,0.8333333333333334,0.53125,0.5,0.2755102040816326,0.5390625,1.0,0.75,0.75,0.1111111111111111
../final_dataset/Interior/Kitchen/356.jpg,perspective_transform,0.5625,0.515625,0.8095238095238095,0.375,0.375,0.5306122448979591,0.515625,1.0,0.625,0.625,0.0
../final_dataset/Interior/Kitchen/387.jpg,affine_transform,0.5,0.453125,0.8095238095238095,0.5625,0.5625,0.3163265306122449,0.53125,1.0,0.7604166666666666,0.7604166666666666,0.875
../final_dataset/Interior/Kitchen/387.jpg,perspective_transform,0.53125,0.5625,0.7619047619047619,0.75,0.78125,0.8163265306122449,0.5546875,1.0,0.6145833333333333,0.6145833333333333,0.5833333333333333
../final_dataset/Interior/Kitchen/119.jpg,affine_transform,0.40625,0.546875,0.8809523809523809,0.4375,0.40625,0.2244897959183673,0.484375,1.0,0.5625,0.5625,0.4861111111111111
../final_dataset/Interior/Kitchen/119.jpg,perspective_transform,0.53125,0.5,0.7619047619047619,0.484375,0.46875,0.5612244897959184,0.515625,0.75,0.78125,0.78125,0.3472222222222222
../final_dataset/Interior/Kitchen/324.jpg,affine_transform,0.59375,0.546875,0.8333333333333334,0.703125,0.71875,0.2755102040816326,0.546875,1.0,0.6458333333333333,0.6458333333333333,0.9722222222222222
../final_dataset/Interior/Kitchen/324.jpg,perspective_transform,0.5625,0.59375,0.7380952380952381,0.609375,0.59375,0.7959183673469388,0.5390625,0.796875,0.65625,0.65625,0.7916666666666666
../final_dataset/Interior/Kitchen/358.jpg,affine_transform,0.4375,0.546875,0.8809523809523809,0.65625,0.625,0.2755102040816326,0.4765625,1.0,0.7708333333333334,0.7708333333333334,0.0
../final_dataset/Interior/Kitchen/358.jpg,perspective_transform,0.46875,0.390625,0.7619047619047619,0.484375,0.5,0.6836734693877551,0.484375,0.75,0.7291666666666667,0.7291666666666667,0.0
../final_dataset/Interior/Kitchen/389.jpg,affine_transform,0.46875,0.484375,0.8333333333333334,0.453125,0.4375,0.1632653061224489,0.4921875,1.0,0.78125,0.78125,0.0277777777777777
../final_dataset/Interior/Kitchen/389.jpg,perspective_transform,0.59375,0.5,0.7857142857142857,0.4375,0.40625,0.5102040816326531,0.53125,0.765625,0.65625,0.65625,0.1388888888888888
../final_dataset/Interior/Kitchen/117.jpg,affine_transform,0.53125,0.421875,0.8095238095238095,0.625,0.59375,0.4693877551020408,0.5546875,0.75,0.7083333333333333,0.7083333333333333,0.0972222222222222
../final_dataset/Interior/Kitchen/117.jpg,perspective_transform,0.59375,0.46875,0.8095238095238095,0.65625,0.65625,0.6836734693877551,0.453125,1.0,0.6458333333333333,0.6458333333333333,0.0
../final_dataset/Interior/Kitchen/82.jpg,affine_transform,0.4375,0.546875,0.8571428571428572,0.515625,0.5,0.1938775510204081,0.515625,1.0,0.6770833333333333,0.6770833333333333,0.0416666666666666
../final_dataset/Interior/Kitchen/82.jpg,perspective_transform,0.5625,0.40625,0.7857142857142857,0.625,0.625,0.6632653061224489,0.5234375,1.0,0.6875,0.6875,0.0
../final_dataset/Interior/Kitchen/200.jpg,affine_transform,0.53125,0.53125,0.7857142857142857,0.640625,0.59375,0.5,0.515625,1.0,0.6770833333333333,0.6770833333333333,0.0
../final_dataset/Interior/Kitchen/200.jpg,perspective_transform,0.53125,0.546875,0.7380952380952381,0.6875,0.71875,0.6632653061224489,0.4921875,0.84375,0.6875,0.6875,0.2916666666666666
../final_dataset/Interior/Kitchen/53.jpg,affine_transform,0.59375,0.53125,0.7380952380952381,0.625,0.71875,0.5510204081632653,0.5546875,1.0,0.6354166666666667,0.6354166666666667,0.3472222222222222
../final_dataset/Interior/Kitchen/53.jpg,perspective_transform,0.59375,0.484375,0.6904761904761905,0.515625,0.53125,0.5612244897959184,0.53125,0.546875,0.7395833333333333,0.7395833333333333,0.4305555555555556
../final_dataset/Interior/Kitchen/85.jpg,affine_transform,0.5625,0.46875,0.8333333333333334,0.546875,0.59375,0.4591836734693877,0.5,1.0,0.7916666666666666,0.7916666666666666,0.4027777777777778
../final_dataset/Interior/Kitchen/85.jpg,perspective_transform,0.4375,0.5,0.7380952380952381,0.546875,0.59375,0.6836734693877551,0.484375,0.296875,0.625,0.625,0.0694444444444444
../final_dataset/Interior/Kitchen/110.jpg,affine_transform,0.40625,0.4375,0.8333333333333334,0.5,0.5,0.3061224489795918,0.484375,1.0,0.6354166666666667,0.6354166666666667,0.4305555555555556
../final_dataset/Interior/Kitchen/110.jpg,perspective_transform,0.53125,0.515625,0.7619047619047619,0.703125,0.71875,0.7346938775510203,0.515625,1.0,0.53125,0.53125,0.1666666666666666
../final_dataset/Interior/Kitchen/207.jpg,affine_transform,0.65625,0.5625,0.7619047619047619,0.65625,0.65625,0.4591836734693877,0.515625,1.0,0.5416666666666667,0.5416666666666667,0.4861111111111111
../final_dataset/Interior/Kitchen/207.jpg,perspective_transform,0.46875,0.453125,0.7857142857142857,0.53125,0.625,0.6122448979591837,0.5,1.0,0.6145833333333333,0.6145833333333333,0.25
../final_dataset/Interior/Kitchen/54.jpg,affine_transform,0.53125,0.53125,0.7857142857142857,0.671875,0.625,0.3061224489795918,0.5234375,1.0,0.6979166666666667,0.6979166666666667,0.1944444444444444
../final_dataset/Interior/Kitchen/54.jpg,perspective_transform,0.59375,0.53125,0.7619047619047619,0.671875,0.75,0.6632653061224489,0.484375,1.0,0.6458333333333333,0.6458333333333333,0.1944444444444444
../final_dataset/Interior/Kitchen/323.jpg,affine_transform,0.5,0.515625,0.7857142857142857,0.703125,0.65625,0.2959183673469387,0.4765625,1.0,0.6770833333333333,0.6770833333333333,0.9166666666666666
../final_dataset/Interior/Kitchen/323.jpg,perspective_transform,0.46875,0.46875,0.7142857142857143,0.65625,0.65625,0.7040816326530612,0.53125,0.75,0.5520833333333333,0.5520833333333333,0.6111111111111112
../final_dataset/Interior/Kitchen/28.jpg,affine_transform,0.59375,0.59375,0.8571428571428572,0.71875,0.71875,0.4897959183673469,0.5390625,1.0,0.6979166666666667,0.6979166666666667,0.5833333333333333
../final_dataset/Interior/Kitchen/28.jpg,perspective_transform,0.5,0.53125,0.7857142857142857,0.625,0.53125,0.6224489795918368,0.484375,0.78125,0.59375,0.59375,0.4305555555555556
../final_dataset/Interior/Kitchen/61.jpg,affine_transform,0.53125,0.609375,0.7857142857142857,0.640625,0.75,0.7142857142857143,0.546875,1.0,0.59375,0.59375,0.9305555555555556
../final_dataset/Interior/Kitchen/61.jpg,perspective_transform,0.46875,0.625,0.7857142857142857,0.578125,0.609375,0.4489795918367347,0.5,0.78125,0.6979166666666667,0.6979166666666667,0.6527777777777778
../final_dataset/Interior/Kitchen/232.jpg,affine_transform,0.46875,0.4375,0.8333333333333334,0.59375,0.53125,0.3163265306122449,0.546875,1.0,0.6979166666666667,0.6979166666666667,0.1666666666666666
../final_dataset/Interior/Kitchen/232.jpg,perspective_transform,0.5,0.46875,0.7619047619047619,0.359375,0.34375,0.6326530612244898,0.515625,0.9375,0.7083333333333333,0.7083333333333333,0.0
../final_dataset/Interior/Kitchen/125.jpg,affine_transform,0.5,0.515625,0.8095238095238095,0.53125,0.53125,0.2040816326530612,0.5078125,1.0,0.71875,0.71875,0.0
../final_dataset/Interior/Kitchen/125.jpg,perspective_transform,0.53125,0.5625,0.6904761904761905,0.375,0.375,0.5102040816326531,0.5390625,1.0,0.6770833333333333,0.6770833333333333,0.0
../final_dataset/Interior/Kitchen/316.jpg,affine_transform,0.59375,0.5625,0.7857142857142857,0.609375,0.5625,0.4081632653061224,0.5546875,1.0,0.7916666666666666,0.8020833333333334,0.0138888888888888
../final_dataset/Interior/Kitchen/316.jpg,perspective_transform,0.46875,0.609375,0.6904761904761905,0.40625,0.375,0.5408163265306123,0.484375,0.921875,0.71875,0.71875,0.0
../final_dataset/Interior/Kitchen/188.jpg,affine_transform,0.625,0.484375,0.7857142857142857,0.546875,0.59375,0.4897959183673469,0.5,1.0,0.7708333333333334,0.7708333333333334,0.0
../final_dataset/Interior/Kitchen/188.jpg,perspective_transform,0.40625,0.515625,0.7380952380952381,0.53125,0.59375,0.6224489795918368,0.46875,0.84375,0.6979166666666667,0.6979166666666667,0.0416666666666666
../final_dataset/Interior/Kitchen/159.jpg,affine_transform,0.5625,0.515625,0.7857142857142857,0.53125,0.53125,0.5408163265306123,0.53125,1.0,0.7604166666666666,0.7604166666666666,0.0
../final_dataset/Interior/Kitchen/159.jpg,perspective_transform,0.71875,0.578125,0.7857142857142857,0.453125,0.46875,0.3775510204081632,0.5703125,0.671875,0.6770833333333333,0.6770833333333333,0.1388888888888888
../final_dataset/Interior/Kitchen/311.jpg,affine_transform,0.53125,0.609375,0.8333333333333334,0.625,0.65625,0.7448979591836735,0.5078125,1.0,0.6770833333333333,0.6770833333333333,0.1805555555555555
../final_dataset/Interior/Kitchen/311.jpg,perspective_transform,0.46875,0.484375,0.7619047619047619,0.53125,0.5,0.336734693877551,0.4921875,0.890625,0.6770833333333333,0.6770833333333333,0.1944444444444444
../final_dataset/Interior/Kitchen/249.jpg,affine_transform,0.5,0.671875,0.8809523809523809,0.6875,0.6875,0.3673469387755101,0.515625,1.0,0.6458333333333333,0.6458333333333333,0.0972222222222222
../final_dataset/Interior/Kitchen/249.jpg,perspective_transform,0.53125,0.5,0.7857142857142857,0.53125,0.5,0.6734693877551021,0.5,1.0,0.7916666666666666,0.7916666666666666,0.0416666666666666
../final_dataset/Interior/Kitchen/298.jpg,affine_transform,0.65625,0.546875,0.8333333333333334,0.65625,0.625,0.3775510204081632,0.53125,1.0,0.7604166666666666,0.7604166666666666,0.1944444444444444
../final_dataset/Interior/Kitchen/298.jpg,perspective_transform,0.46875,0.359375,0.7619047619047619,0.453125,0.40625,0.6122448979591837,0.46875,0.859375,0.5625,0.5625,0.1527777777777778
../final_dataset/Interior/Kitchen/66.jpg,affine_transform,0.5625,0.65625,0.8571428571428572,0.546875,0.5625,0.326530612244898,0.546875,1.0,0.7291666666666667,0.7291666666666667,0.1666666666666666
../final_dataset/Interior/Kitchen/66.jpg,perspective_transform,0.5,0.578125,0.7857142857142857,0.5625,0.53125,0.5918367346938775,0.5078125,1.0,0.6979166666666667,0.6979166666666667,0.2916666666666666
../final_dataset/Interior/Kitchen/235.jpg,affine_transform,0.625,0.5625,0.8571428571428572,0.5625,0.53125,0.336734693877551,0.5390625,1.0,0.78125,0.78125,0.1527777777777778
../final_dataset/Interior/Kitchen/235.jpg,perspective_transform,0.53125,0.59375,0.7857142857142857,0.375,0.40625,0.4591836734693877,0.484375,0.78125,0.5833333333333333,0.5833333333333333,0.0972222222222222
../final_dataset/Interior/Kitchen/122.jpg,affine_transform,0.65625,0.4375,0.8809523809523809,0.671875,0.71875,0.5408163265306123,0.5,1.0,0.5833333333333333,0.5833333333333333,0.375
../final_dataset/Interior/Kitchen/122.jpg,perspective_transform,0.53125,0.4375,0.8095238095238095,0.40625,0.40625,0.5,0.5390625,0.703125,0.6354166666666667,0.6354166666666667,0.2222222222222222
../final_dataset/Interior/Kitchen/181.jpg,affine_transform,0.4375,0.515625,0.8571428571428572,0.515625,0.5625,0.2551020408163265,0.5,1.0,0.7395833333333333,0.7395833333333333,0.2638888888888888
../final_dataset/Interior/Kitchen/181.jpg,perspective_transform,0.46875,0.5,0.7857142857142857,0.46875,0.5,0.6020408163265306,0.4921875,1.0,0.7916666666666666,0.7916666666666666,0.2222222222222222
../final_dataset/Interior/Kitchen/14.jpg,affine_transform,0.53125,0.546875,0.8571428571428572,0.65625,0.65625,0.3061224489795918,0.5234375,1.0,0.6458333333333333,0.6458333333333333,0.375
../final_dataset/Interior/Kitchen/14.jpg,perspective_transform,0.5,0.375,0.7857142857142857,0.609375,0.65625,0.7040816326530612,0.4765625,1.0,0.7395833333333333,0.7395833333333333,0.3611111111111111
../final_dataset/Interior/Kitchen/247.jpg,affine_transform,0.4375,0.546875,0.8333333333333334,0.5625,0.59375,0.2551020408163265,0.5234375,1.0,0.7916666666666666,0.7916666666666666,0.0
../final_dataset/Interior/Kitchen/247.jpg,perspective_transform,0.625,0.59375,0.8095238095238095,0.828125,0.84375,0.8061224489795918,0.4765625,0.828125,0.7083333333333333,0.7083333333333333,0.0
../final_dataset/Interior/Kitchen/296.jpg,affine_transform,0.59375,0.578125,0.7857142857142857,0.640625,0.625,0.4897959183673469,0.5390625,1.0,0.7291666666666667,0.7291666666666667,0.375
../final_dataset/Interior/Kitchen/296.jpg,perspective_transform,0.46875,0.5625,0.7619047619047619,0.5,0.40625,0.6020408163265306,0.4296875,0.890625,0.6354166666666667,0.6354166666666667,0.3055555555555556
../final_dataset/Interior/Kitchen/150.jpg,affine_transform,0.46875,0.484375,0.8333333333333334,0.703125,0.6875,0.336734693877551,0.5078125,1.0,0.78125,0.78125,0.0
../final_dataset/Interior/Kitchen/150.jpg,perspective_transform,0.625,0.609375,0.7857142857142857,0.75,0.75,0.7653061224489796,0.578125,1.0,0.6875,0.6875,0.0
../final_dataset/Interior/Kitchen/363.jpg,affine_transform,0.5,0.609375,0.7619047619047619,0.59375,0.65625,0.4795918367346938,0.4765625,1.0,0.71875,0.71875,1.0
../final_dataset/Interior/Kitchen/363.jpg,perspective_transform,0.4375,0.453125,0.7380952380952381,0.375,0.4375,0.5714285714285714,0.46875,0.75,0.59375,0.59375,1.0
../final_dataset/Interior/Kitchen/68.jpg,affine_transform,0.53125,0.453125,0.8095238095238095,0.578125,0.5625,0.2959183673469387,0.5234375,1.0,0.7604166666666666,0.7604166666666666,1.0
../final_dataset/Interior/Kitchen/68.jpg,perspective_transform,0.5,0.453125,0.7619047619047619,0.65625,0.6875,0.7346938775510203,0.453125,1.0,0.625,0.625,1.0
../final_dataset/Interior/Kitchen/364.jpg,affine_transform,0.53125,0.546875,0.7857142857142857,0.640625,0.625,0.336734693877551,0.5234375,1.0,0.6458333333333333,0.6458333333333333,1.0
../final_dataset/Interior/Kitchen/364.jpg,perspective_transform,0.40625,0.5,0.7142857142857143,0.296875,0.28125,0.5714285714285714,0.4921875,1.0,0.6770833333333333,0.6770833333333333,1.0
../final_dataset/Interior/Kitchen/318.jpg,affine_transform,0.46875,0.53125,0.8095238095238095,0.71875,0.71875,0.3775510204081632,0.46875,1.0,0.6770833333333333,0.6770833333333333,1.0
../final_dataset/Interior/Kitchen/318.jpg,perspective_transform,0.5625,0.421875,0.7142857142857143,0.59375,0.59375,0.8163265306122449,0.53125,1.0,0.6458333333333333,0.6458333333333333,1.0
../final_dataset/Interior/Kitchen/13.jpg,affine_transform,0.4375,0.453125,0.7857142857142857,0.578125,0.5625,0.2040816326530612,0.5390625,1.0,0.8020833333333334,0.8125,1.0
../final_dataset/Interior/Kitchen/13.jpg,perspective_transform,0.53125,0.53125,0.7619047619047619,0.375,0.375,0.6632653061224489,0.4921875,0.765625,0.7395833333333333,0.7395833333333333,1.0
../final_dataset/Interior/Kitchen/186.jpg,affine_transform,0.625,0.578125,0.8095238095238095,0.625,0.65625,0.4387755102040817,0.4921875,1.0,0.7083333333333333,0.7083333333333333,1.0
../final_dataset/Interior/Kitchen/186.jpg,perspective_transform,0.53125,0.484375,0.7619047619047619,0.484375,0.5,0.4795918367346938,0.53125,1.0,0.5104166666666667,0.5104166666666667,1.0
../final_dataset/Interior/Kitchen/240.jpg,affine_transform,0.53125,0.625,0.7380952380952381,0.703125,0.65625,0.1938775510204081,0.515625,1.0,0.53125,0.5520833333333333,1.0
../final_dataset/Interior/Kitchen/240.jpg,perspective_transform,0.53125,0.515625,0.6904761904761905,0.625,0.65625,0.6122448979591837,0.46875,0.765625,0.6354166666666667,0.6354166666666667,1.0
../final_dataset/Interior/Kitchen/291.jpg,affine_transform,0.59375,0.5625,0.8333333333333334,0.59375,0.5625,0.5408163265306123,0.5,1.0,0.75,0.75,1.0
../final_dataset/Interior/Kitchen/291.jpg,perspective_transform,0.53125,0.5625,0.7380952380952381,0.625,0.75,0.7857142857142857,0.4609375,1.0,0.8125,0.8125,1.0
../final_dataset/Interior/Kitchen/157.jpg,affine_transform,0.5625,0.59375,0.8571428571428572,0.6875,0.6875,0.653061224489796,0.546875,1.0,0.5520833333333333,0.5520833333333333,1.0
../final_dataset/Interior/Kitchen/157.jpg,perspective_transform,0.5,0.625,0.8095238095238095,0.546875,0.5625,0.5816326530612245,0.4921875,0.671875,0.6770833333333333,0.6770833333333333,1.0
../final_dataset/Interior/Kitchen/375.jpg,affine_transform,0.53125,0.640625,0.8571428571428572,0.609375,0.59375,0.336734693877551,0.515625,1.0,0.7291666666666667,0.7291666666666667,1.0
../final_dataset/Interior/Kitchen/375.jpg,perspective_transform,0.46875,0.3125,0.7619047619047619,0.453125,0.5,0.4387755102040817,0.484375,1.0,0.6770833333333333,0.6770833333333333,1.0
../final_dataset/Interior/Kitchen/403.jpg,affine_transform,0.5625,0.421875,0.8333333333333334,0.546875,0.59375,0.5204081632653061,0.484375,1.0,0.6354166666666667,0.6354166666666667,0.4583333333333333
../final_dataset/Interior/Kitchen/403.jpg,perspective_transform,0.5625,0.734375,0.7619047619047619,0.765625,0.75,0.4897959183673469,0.53125,0.953125,0.75,0.75,0.0416666666666666
../final_dataset/Interior/Kitchen/280.jpg,affine_transform,0.46875,0.46875,0.8333333333333334,0.6875,0.625,0.6224489795918368,0.5078125,1.0,0.7395833333333333,0.7395833333333333,0.0
../final_dataset/Interior/Kitchen/280.jpg,perspective_transform,0.53125,0.5,0.7857142857142857,0.78125,0.78125,0.5816326530612245,0.5,0.890625,0.7708333333333334,0.7708333333333334,0.0416666666666666
../final_dataset/Interior/Kitchen/146.jpg,affine_transform,0.53125,0.625,0.8571428571428572,0.671875,0.65625,0.173469387755102,0.515625,1.0,0.7291666666666667,0.7291666666666667,0.0
../final_dataset/Interior/Kitchen/146.jpg,perspective_transform,0.53125,0.546875,0.7857142857142857,0.640625,0.625,0.6632653061224489,0.4453125,1.0,0.6875,0.6875,0.0
../final_dataset/Interior/Kitchen/197.jpg,affine_transform,0.5625,0.546875,0.8333333333333334,0.671875,0.6875,0.5204081632653061,0.5625,1.0,0.625,0.625,0.0416666666666666
../final_dataset/Interior/Kitchen/197.jpg,perspective_transform,0.5,0.34375,0.7619047619047619,0.3125,0.3125,0.4897959183673469,0.5078125,1.0,0.7083333333333333,0.7083333333333333,0.0
../final_dataset/Interior/Kitchen/251.jpg,affine_transform,0.5,0.578125,0.8333333333333334,0.6875,0.65625,0.5306122448979591,0.546875,1.0,0.8125,0.8125,0.0277777777777777
../final_dataset/Interior/Kitchen/251.jpg,perspective_transform,0.5,0.453125,0.7857142857142857,0.46875,0.5,0.5,0.5390625,0.796875,0.7291666666666667,0.7291666666666667,0.2638888888888888
../final_dataset/Interior/Kitchen/309.jpg,affine_transform,0.625,0.671875,0.8333333333333334,0.640625,0.65625,0.5408163265306123,0.5078125,1.0,0.6979166666666667,0.6979166666666667,0.1388888888888888
../final_dataset/Interior/Kitchen/309.jpg,perspective_transform,0.53125,0.5,0.7619047619047619,0.671875,0.6875,0.4591836734693877,0.53125,0.8125,0.625,0.625,0.1805555555555555
../final_dataset/Interior/Kitchen/287.jpg,affine_transform,0.5625,0.609375,0.8333333333333334,0.609375,0.59375,0.6224489795918368,0.5,0.828125,0.53125,0.5416666666666667,0.1805555555555555
../final_dataset/Interior/Kitchen/287.jpg,perspective_transform,0.53125,0.484375,0.7380952380952381,0.609375,0.5625,0.3775510204081632,0.5,0.8125,0.6458333333333333,0.65625,0.125
../final_dataset/Interior/Kitchen/141.jpg,affine_transform,0.5,0.515625,0.7857142857142857,0.671875,0.65625,0.4897959183673469,0.4765625,1.0,0.6770833333333333,0.6770833333333333,0.1805555555555555
../final_dataset/Interior/Kitchen/141.jpg,perspective_transform,0.53125,0.53125,0.7619047619047619,0.703125,0.78125,0.6632653061224489,0.5,1.0,0.6041666666666667,0.6041666666666667,0.1111111111111111
../final_dataset/Interior/Kitchen/190.jpg,affine_transform,0.53125,0.484375,0.7619047619047619,0.640625,0.6875,0.3571428571428571,0.5,1.0,0.8645833333333334,0.8645833333333334,0.2777777777777778
../final_dataset/Interior/Kitchen/190.jpg,perspective_transform,0.59375,0.578125,0.7619047619047619,0.734375,0.71875,0.826530612244898,0.5,1.0,0.625,0.625,0.0277777777777777
../final_dataset/Interior/Kitchen/256.jpg,affine_transform,0.5625,0.5625,0.8095238095238095,0.75,0.75,0.5714285714285714,0.453125,1.0,0.7291666666666667,0.7291666666666667,0.0
../final_dataset/Interior/Kitchen/256.jpg,perspective_transform,0.5625,0.453125,0.7380952380952381,0.796875,0.78125,0.6224489795918368,0.484375,1.0,0.6666666666666667,0.6666666666666667,0.0
../final_dataset/Interior/Kitchen/79.jpg,affine_transform,0.53125,0.609375,0.7619047619047619,0.5625,0.53125,0.2244897959183673,0.5078125,1.0,0.6458333333333333,0.6458333333333333,0.7638888888888888
../final_dataset/Interior/Kitchen/79.jpg,perspective_transform,0.53125,0.453125,0.7142857142857143,0.53125,0.53125,0.6224489795918368,0.5,0.46875,0.6458333333333333,0.65625,0.8472222222222222
../final_dataset/Interior/Kitchen/372.jpg,affine_transform,0.5,0.5,0.8095238095238095,0.625,0.5625,0.3061224489795918,0.5078125,1.0,0.7604166666666666,0.7604166666666666,0.3055555555555556
../final_dataset/Interior/Kitchen/372.jpg,perspective_transform,0.46875,0.5625,0.7619047619047619,0.484375,0.46875,0.6020408163265306,0.515625,0.84375,0.53125,0.53125,0.0972222222222222
../final_dataset/Interior/Kitchen/404.jpg,affine_transform,0.625,0.640625,0.8095238095238095,0.703125,0.6875,0.6122448979591837,0.546875,1.0,0.84375,0.84375,0.8888888888888888
../final_dataset/Interior/Kitchen/404.jpg,perspective_transform,0.4375,0.453125,0.7380952380952381,0.5625,0.59375,0.4285714285714286,0.515625,0.765625,0.71875,0.71875,0.5277777777777778
../final_dataset/Interior/Kitchen/289.jpg,affine_transform,0.53125,0.546875,0.7619047619047619,0.59375,0.59375,0.2551020408163265,0.5390625,1.0,0.5625,0.5625,0.0277777777777777
../final_dataset/Interior/Kitchen/289.jpg,perspective_transform,0.5625,0.375,0.6904761904761905,0.484375,0.40625,0.6224489795918368,0.5546875,0.953125,0.6354166666666667,0.6354166666666667,0.0
../final_dataset/Interior/Kitchen/258.jpg,affine_transform,0.5,0.546875,0.7857142857142857,0.59375,0.59375,0.3571428571428571,0.3828125,1.0,0.6979166666666667,0.6979166666666667,0.0
../final_dataset/Interior/Kitchen/258.jpg,perspective_transform,0.53125,0.625,0.7142857142857143,0.609375,0.5625,0.5510204081632653,0.5390625,1.0,0.65625,0.65625,0.0
../final_dataset/Interior/Kitchen/300.jpg,affine_transform,0.625,0.5,0.8095238095238095,0.703125,0.6875,0.4693877551020408,0.5,1.0,0.78125,0.78125,0.0
../final_dataset/Interior/Kitchen/300.jpg,perspective_transform,0.5625,0.578125,0.7142857142857143,0.890625,0.9375,0.8061224489795918,0.5859375,0.8125,0.75,0.7395833333333333,0.0277777777777777
../final_dataset/Interior/Kitchen/133.jpg,affine_transform,0.53125,0.5,0.8571428571428572,0.5625,0.5625,0.4591836734693877,0.5078125,1.0,0.8020833333333334,0.8020833333333334,0.0
../final_dataset/Interior/Kitchen/133.jpg,perspective_transform,0.46875,0.5,0.8333333333333334,0.5,0.53125,0.5918367346938775,0.46875,1.0,0.7291666666666667,0.7291666666666667,0.0
../final_dataset/Interior/Kitchen/2.jpg,affine_transform,0.5,0.484375,0.8333333333333334,0.546875,0.625,0.2346938775510204,0.515625,1.0,0.6458333333333333,0.6458333333333333,0.0
../final_dataset/Interior/Kitchen/2.jpg,perspective_transform,0.5,0.46875,0.7619047619047619,0.4375,0.4375,0.6734693877551021,0.4609375,0.703125,0.6041666666666667,0.6041666666666667,0.125
../final_dataset/Interior/Kitchen/77.jpg,affine_transform,0.53125,0.515625,0.8095238095238095,0.59375,0.59375,0.2959183673469387,0.5546875,1.0,0.7083333333333333,0.7083333333333333,0.375
../final_dataset/Interior/Kitchen/77.jpg,perspective_transform,0.46875,0.5625,0.7857142857142857,0.578125,0.59375,0.6428571428571428,0.5078125,1.0,0.59375,0.59375,0.4444444444444444
../final_dataset/Interior/Kitchen/224.jpg,affine_transform,0.46875,0.578125,0.8333333333333334,0.5,0.5,0.2448979591836735,0.515625,1.0,0.6770833333333333,0.6770833333333333,0.4027777777777778
../final_dataset/Interior/Kitchen/224.jpg,perspective_transform,0.53125,0.5,0.7857142857142857,0.328125,0.375,0.6122448979591837,0.515625,0.921875,0.6041666666666667,0.6041666666666667,0.0555555555555555
../final_dataset/Interior/Kitchen/134.jpg,affine_transform,0.5625,0.59375,0.8571428571428572,0.65625,0.59375,0.3571428571428571,0.5078125,1.0,0.6041666666666667,0.6041666666666667,0.4444444444444444
../final_dataset/Interior/Kitchen/134.jpg,perspective_transform,0.46875,0.46875,0.7857142857142857,0.65625,0.625,0.7040816326530612,0.484375,0.90625,0.6145833333333333,0.6145833333333333,0.2638888888888888
../final_dataset/Interior/Kitchen/5.jpg,affine_transform,0.53125,0.59375,0.8095238095238095,0.53125,0.5,0.4693877551020408,0.5390625,1.0,0.7291666666666667,0.7291666666666667,0.3194444444444444
../final_dataset/Interior/Kitchen/5.jpg,perspective_transform,0.53125,0.546875,0.7619047619047619,0.5625,0.53125,0.4183673469387755,0.5078125,0.84375,0.625,0.625,0.0416666666666666
../final_dataset/Interior/Kitchen/70.jpg,affine_transform,0.46875,0.75,0.8333333333333334,0.671875,0.6875,0.6122448979591837,0.5,0.796875,0.8020833333333334,0.8020833333333334,0.0
../final_dataset/Interior/Kitchen/70.jpg,perspective_transform,0.46875,0.625,0.7380952380952381,0.71875,0.8125,0.5306122448979591,0.5,0.859375,0.7083333333333333,0.7083333333333333,0.0
../final_dataset/Interior/Kitchen/223.jpg,affine_transform,0.53125,0.53125,0.8333333333333334,0.5625,0.625,0.5816326530612245,0.5,1.0,0.6666666666666667,0.6666666666666667,0.9444444444444444
../final_dataset/Interior/Kitchen/223.jpg,perspective_transform,0.46875,0.46875,0.7619047619047619,0.828125,0.8125,0.6020408163265306,0.4609375,0.859375,0.65625,0.65625,0.5138888888888888
../final_dataset/Interior/Kitchen/148.jpg,affine_transform,0.59375,0.625,0.8095238095238095,0.59375,0.625,0.2959183673469387,0.4921875,1.0,0.7083333333333333,0.7083333333333333,0.5694444444444444
../final_dataset/Interior/Kitchen/148.jpg,perspective_transform,0.59375,0.5625,0.7380952380952381,0.578125,0.59375,0.6428571428571428,0.5078125,0.71875,0.5208333333333333,0.5208333333333333,0.5
../final_dataset/Interior/Kitchen/199.jpg,affine_transform,0.5,0.53125,0.7619047619047619,0.625,0.5625,0.5,0.453125,1.0,0.5729166666666667,0.5729166666666667,0.9305555555555556
../final_dataset/Interior/Kitchen/199.jpg,perspective_transform,0.59375,0.453125,0.6904761904761905,0.609375,0.625,0.4285714285714286,0.5,0.75,0.6770833333333333,0.6770833333333333,0.4444444444444444
../final_dataset/Interior/Kitchen/307.jpg,affine_transform,0.5625,0.625,0.8333333333333334,0.640625,0.65625,0.4489795918367347,0.515625,1.0,0.8125,0.8229166666666666,0.0277777777777777
../final_dataset/Interior/Kitchen/307.jpg,perspective_transform,0.46875,0.59375,0.7857142857142857,0.703125,0.6875,0.6632653061224489,0.4140625,0.75,0.6145833333333333,0.6145833333333333,0.0
../final_dataset/Interior/Kitchen/216.jpg,affine_transform,0.59375,0.53125,0.8095238095238095,0.671875,0.65625,0.326530612244898,0.4921875,1.0,0.65625,0.65625,0.0
../final_dataset/Interior/Kitchen/216.jpg,perspective_transform,0.53125,0.4375,0.7380952380952381,0.40625,0.40625,0.3979591836734694,0.4453125,1.0,0.6458333333333333,0.6458333333333333,0.0
../final_dataset/Interior/Kitchen/45.jpg,affine_transform,0.53125,0.5,0.8571428571428572,0.609375,0.46875,0.4183673469387755,0.46875,1.0,0.78125,0.78125,0.0277777777777777
../final_dataset/Interior/Kitchen/45.jpg,perspective_transform,0.4375,0.4375,0.7857142857142857,0.609375,0.71875,0.6632653061224489,0.5390625,1.0,0.53125,0.53125,0.0
../final_dataset/Interior/Kitchen/101.jpg,affine_transform,0.53125,0.5,0.8333333333333334,0.65625,0.6875,0.6326530612244898,0.4921875,1.0,0.6354166666666667,0.6354166666666667,0.0
../final_dataset/Interior/Kitchen/101.jpg,perspective_transform,0.59375,0.59375,0.7857142857142857,0.734375,0.71875,0.5510204081632653,0.515625,1.0,0.5833333333333333,0.5833333333333333,0.0
../final_dataset/Interior/Kitchen/94.jpg,affine_transform,0.59375,0.515625,0.8095238095238095,0.59375,0.59375,0.3673469387755101,0.46875,1.0,0.625,0.625,0.0
../final_dataset/Interior/Kitchen/94.jpg,perspective_transform,0.375,0.46875,0.7380952380952381,0.546875,0.59375,0.7040816326530612,0.453125,1.0,0.6354166666666667,0.6354166666666667,0.0694444444444444
../final_dataset/Interior/Kitchen/39.jpg,affine_transform,0.5625,0.640625,0.8571428571428572,0.609375,0.5625,0.2346938775510204,0.4921875,1.0,0.59375,0.59375,0.3611111111111111
../final_dataset/Interior/Kitchen/39.jpg,perspective_transform,0.5625,0.609375,0.7619047619047619,0.6875,0.6875,0.6632653061224489,0.5625,0.90625,0.6145833333333333,0.6145833333333333,0.1805555555555555
../final_dataset/Interior/Kitchen/332.jpg,affine_transform,0.625,0.515625,0.8095238095238095,0.625,0.5625,0.3979591836734694,0.53125,1.0,0.6770833333333333,0.6770833333333333,0.1527777777777778
../final_dataset/Interior/Kitchen/332.jpg,perspective_transform,0.53125,0.46875,0.7619047619047619,0.40625,0.4375,0.5204081632653061,0.453125,1.0,0.6875,0.6875,0.0694444444444444
../final_dataset/Interior/Kitchen/335.jpg,affine_transform,0.53125,0.546875,0.8095238095238095,0.609375,0.5625,0.5714285714285714,0.515625,1.0,0.6666666666666667,0.6666666666666667,0.1805555555555555
../final_dataset/Interior/Kitchen/335.jpg,perspective_transform,0.46875,0.46875,0.7380952380952381,0.390625,0.34375,0.326530612244898,0.4765625,1.0,0.6041666666666667,0.6041666666666667,0.0277777777777777
../final_dataset/Interior/Kitchen/211.jpg,affine_transform,0.5625,0.46875,0.7857142857142857,0.5,0.5625,0.2346938775510204,0.4765625,1.0,0.6770833333333333,0.6770833333333333,0.1805555555555555
../final_dataset/Interior/Kitchen/211.jpg,perspective_transform,0.5625,0.453125,0.6904761904761905,0.453125,0.4375,0.4387755102040817,0.4921875,1.0,0.6354166666666667,0.6458333333333333,0.1944444444444444
../final_dataset/Interior/Kitchen/42.jpg,affine_transform,0.5625,0.59375,0.8095238095238095,0.5625,0.59375,0.326530612244898,0.5078125,1.0,0.5520833333333333,0.5416666666666667,0.0833333333333333
../final_dataset/Interior/Kitchen/42.jpg,perspective_transform,0.5625,0.4375,0.7619047619047619,0.421875,0.4375,0.3775510204081632,0.5234375,1.0,0.75,0.75,0.0833333333333333
../final_dataset/Interior/Kitchen/93.jpg,affine_transform,0.5625,0.515625,0.7857142857142857,0.578125,0.625,0.2653061224489795,0.5078125,1.0,0.625,0.625,0.8194444444444444
../final_dataset/Interior/Kitchen/93.jpg,perspective_transform,0.46875,0.515625,0.6904761904761905,0.4375,0.40625,0.6326530612244898,0.4765625,1.0,0.65625,0.65625,0.375
../final_dataset/Interior/Kitchen/106.jpg,affine_transform,0.6875,0.671875,0.7380952380952381,0.75,0.75,0.6224489795918368,0.4609375,0.890625,0.7083333333333333,0.6979166666666667,0.6111111111111112
../final_dataset/Interior/Kitchen/106.jpg,perspective_transform,0.40625,0.515625,0.7380952380952381,0.765625,0.75,0.5204081632653061,0.5390625,1.0,0.53125,0.5416666666666667,0.4583333333333333
../final_dataset/Interior/Kitchen/398.jpg,affine_transform,0.625,0.609375,0.8333333333333334,0.609375,0.625,0.3877551020408163,0.484375,0.828125,0.8125,0.8125,0.8194444444444444
../final_dataset/Interior/Kitchen/398.jpg,perspective_transform,0.59375,0.453125,0.7619047619047619,0.625,0.59375,0.6428571428571428,0.5234375,0.953125,0.6458333333333333,0.6458333333333333,0.3333333333333333
../final_dataset/Interior/Kitchen/349.jpg,affine_transform,0.53125,0.546875,0.7619047619047619,0.703125,0.71875,0.3163265306122449,0.5078125,1.0,0.6458333333333333,0.6458333333333333,0.0833333333333333
../final_dataset/Interior/Kitchen/349.jpg,perspective_transform,0.46875,0.578125,0.7619047619047619,0.328125,0.34375,0.6224489795918368,0.46875,1.0,0.6770833333333333,0.6770833333333333,0.0
../final_dataset/Interior/Kitchen/263.jpg,affine_transform,0.625,0.5,0.8095238095238095,0.5625,0.5625,0.4183673469387755,0.5,1.0,0.7291666666666667,0.7291666666666667,0.0
../final_dataset/Interior/Kitchen/263.jpg,perspective_transform,0.59375,0.5,0.7857142857142857,0.671875,0.71875,0.6632653061224489,0.515625,0.921875,0.65625,0.65625,0.0
../final_dataset/Interior/Kitchen/30.jpg,affine_transform,0.46875,0.53125,0.9047619047619048,0.609375,0.5625,0.2857142857142857,0.484375,1.0,0.6145833333333333,0.6145833333333333,0.0
../final_dataset/Interior/Kitchen/30.jpg,perspective_transform,0.625,0.359375,0.8333333333333334,0.5625,0.625,0.653061224489796,0.546875,0.9375,0.6041666666666667,0.6041666666666667,0.0
../final_dataset/Interior/Kitchen/174.jpg,affine_transform,0.53125,0.546875,0.9047619047619048,0.671875,0.71875,0.5612244897959184,0.4921875,1.0,0.84375,0.84375,0.0
../final_dataset/Interior/Kitchen/174.jpg,perspective_transform,0.4375,0.453125,0.8333333333333334,0.59375,0.625,0.4591836734693877,0.453125,1.0,0.7916666666666666,0.7916666666666666,0.0555555555555555
../final_dataset/Interior/Kitchen/108.jpg,affine_transform,0.5,0.625,0.8571428571428572,0.53125,0.59375,0.2755102040816326,0.53125,1.0,0.75,0.75,0.0
../final_dataset/Interior/Kitchen/108.jpg,perspective_transform,0.46875,0.5,0.7857142857142857,0.46875,0.46875,0.5816326530612245,0.5,0.84375,0.6145833333333333,0.6145833333333333,0.0
../final_dataset/Interior/Kitchen/396.jpg,affine_transform,0.5625,0.625,0.7857142857142857,0.71875,0.65625,0.5,0.4296875,1.0,0.6666666666666667,0.6666666666666667,0.3611111111111111
../final_dataset/Interior/Kitchen/396.jpg,perspective_transform,0.4375,0.421875,0.7380952380952381,0.296875,0.3125,0.5,0.4921875,1.0,0.6875,0.6875,0.0833333333333333
../final_dataset/Interior/Kitchen/347.jpg,affine_transform,0.625,0.671875,0.8571428571428572,0.671875,0.6875,0.6020408163265306,0.5234375,1.0,0.5104166666666667,0.5,0.0555555555555555
../final_dataset/Interior/Kitchen/347.jpg,perspective_transform,0.5,0.578125,0.8095238095238095,0.65625,0.65625,0.5,0.4921875,1.0,0.65625,0.65625,0.0694444444444444
../final_dataset/Interior/Kitchen/218.jpg,affine_transform,0.5,0.578125,0.8571428571428572,0.609375,0.59375,0.2755102040816326,0.4765625,1.0,0.6770833333333333,0.6770833333333333,0.0833333333333333
../final_dataset/Interior/Kitchen/218.jpg,perspective_transform,0.5,0.5625,0.7857142857142857,0.390625,0.40625,0.4591836734693877,0.4609375,1.0,0.46875,0.46875,0.0416666666666666
../final_dataset/Interior/Kitchen/391.jpg,affine_transform,0.5,0.59375,0.8095238095238095,0.53125,0.5,0.4489795918367347,0.484375,1.0,0.71875,0.71875,0.0277777777777777
../final_dataset/Interior/Kitchen/391.jpg,perspective_transform,0.40625,0.359375,0.7619047619047619,0.546875,0.625,0.6836734693877551,0.4921875,1.0,0.6458333333333333,0.6458333333333333,0.0
../final_dataset/Interior/Kitchen/340.jpg,affine_transform,0.5,0.515625,0.8333333333333334,0.6875,0.6875,0.5918367346938775,0.4921875,1.0,0.65625,0.65625,0.0138888888888888
../final_dataset/Interior/Kitchen/340.jpg,perspective_transform,0.5625,0.46875,0.7619047619047619,0.796875,0.71875,0.6734693877551021,0.5,0.921875,0.6354166666666667,0.6354166666666667,0.0
../final_dataset/Interior/Kitchen/264.jpg,affine_transform,0.46875,0.484375,0.8095238095238095,0.59375,0.5625,0.2346938775510204,0.4375,1.0,0.6875,0.6875,0.0277777777777777
../final_dataset/Interior/Kitchen/264.jpg,perspective_transform,0.46875,0.53125,0.7619047619047619,0.59375,0.5625,0.5306122448979591,0.5234375,0.59375,0.5833333333333333,0.5833333333333333,0.0
../final_dataset/Interior/Kitchen/37.jpg,affine_transform,0.5,0.453125,0.8333333333333334,0.640625,0.65625,0.5408163265306123,0.5390625,1.0,0.6875,0.6875,0.0277777777777777
../final_dataset/Interior/Kitchen/37.jpg,perspective_transform,0.46875,0.5625,0.7380952380952381,0.609375,0.65625,0.4489795918367347,0.5078125,0.640625,0.7083333333333333,0.7083333333333333,0.0277777777777777
../final_dataset/Interior/Kitchen/173.jpg,affine_transform,0.5625,0.59375,0.8809523809523809,0.71875,0.71875,0.3163265306122449,0.4921875,1.0,0.7916666666666666,0.7916666666666666,0.0
../final_dataset/Interior/Kitchen/173.jpg,perspective_transform,0.5,0.40625,0.7857142857142857,0.671875,0.625,0.7142857142857143,0.5,1.0,0.625,0.625,0.0277777777777777
../final_dataset/Interior/Kitchen/142.jpg,affine_transform,0.46875,0.5,0.7619047619047619,0.671875,0.625,0.5918367346938775,0.515625,1.0,0.6770833333333333,0.6770833333333333,0.0
../final_dataset/Interior/Kitchen/142.jpg,perspective_transform,0.4375,0.453125,0.7619047619047619,0.59375,0.59375,0.5408163265306123,0.5,0.984375,0.5208333333333333,0.5208333333333333,0.0
../final_dataset/Interior/Kitchen/284.jpg,affine_transform,0.5625,0.4375,0.8571428571428572,0.484375,0.5,0.2551020408163265,0.515625,1.0,0.8020833333333334,0.8020833333333334,0.2083333333333333
../final_dataset/Interior/Kitchen/284.jpg,perspective_transform,0.40625,0.40625,0.7857142857142857,0.421875,0.46875,0.653061224489796,0.4375,1.0,0.7083333333333333,0.7083333333333333,0.2083333333333333
../final_dataset/Interior/Kitchen/255.jpg,affine_transform,0.5625,0.609375,0.8333333333333334,0.46875,0.4375,0.1938775510204081,0.546875,1.0,0.6145833333333333,0.6145833333333333,0.0277777777777777
../final_dataset/Interior/Kitchen/255.jpg,perspective_transform,0.53125,0.515625,0.7857142857142857,0.53125,0.5,0.6836734693877551,0.5234375,1.0,0.5625,0.5625,0.0277777777777777
../final_dataset/Interior/Kitchen/193.jpg,affine_transform,0.53125,0.578125,0.7857142857142857,0.625,0.625,0.6122448979591837,0.5234375,1.0,0.6458333333333333,0.6458333333333333,0.4444444444444444
../final_dataset/Interior/Kitchen/193.jpg,perspective_transform,0.5,0.484375,0.7619047619047619,0.671875,0.65625,0.5204081632653061,0.5078125,0.828125,0.6875,0.6979166666666667,0.4444444444444444
../final_dataset/Interior/Kitchen/229.jpg,affine_transform,0.53125,0.5625,0.8333333333333334,0.625,0.625,0.5612244897959184,0.46875,1.0,0.78125,0.78125,0.4444444444444444
../final_dataset/Interior/Kitchen/229.jpg,perspective_transform,0.46875,0.46875,0.7380952380952381,0.59375,0.59375,0.3877551020408163,0.4609375,1.0,0.6666666666666667,0.6666666666666667,0.8472222222222222
../final_dataset/Interior/Kitchen/371.jpg,affine_transform,0.53125,0.578125,0.8333333333333334,0.6875,0.65625,0.5918367346938775,0.46875,1.0,0.5625,0.5625,0.5555555555555556
../final_dataset/Interior/Kitchen/371.jpg,perspective_transform,0.40625,0.515625,0.8095238095238095,0.671875,0.65625,0.5,0.4765625,0.75,0.6770833333333333,0.6770833333333333,0.4444444444444444
../final_dataset/Interior/Kitchen/139.jpg,affine_transform,0.4375,0.421875,0.8571428571428572,0.625,0.6875,0.2142857142857143,0.5,1.0,0.6875,0.6875,0.4444444444444444
../final_dataset/Interior/Kitchen/139.jpg,perspective_transform,0.4375,0.484375,0.7619047619047619,0.5625,0.59375,0.5816326530612245,0.4765625,1.0,0.6145833333333333,0.6145833333333333,1.0
../final_dataset/Interior/Kitchen/8.jpg,affine_transform,0.5625,0.53125,0.8333333333333334,0.578125,0.5625,0.3571428571428571,0.46875,1.0,0.625,0.625,0.4444444444444444
../final_dataset/Interior/Kitchen/8.jpg,perspective_transform,0.4375,0.390625,0.7857142857142857,0.703125,0.71875,0.826530612244898,0.5234375,0.453125,0.71875,0.71875,0.4444444444444444
../final_dataset/Interior/Kitchen/376.jpg,affine_transform,0.5,0.546875,0.8333333333333334,0.609375,0.625,0.5612244897959184,0.4765625,1.0,0.625,0.625,0.5555555555555556
../final_dataset/Interior/Kitchen/376.jpg,perspective_transform,0.46875,0.546875,0.7857142857142857,0.5625,0.5625,0.3979591836734694,0.515625,0.765625,0.6770833333333333,0.6770833333333333,0.4444444444444444
../final_dataset/Interior/Kitchen/400.jpg,affine_transform,0.59375,0.53125,0.8095238095238095,0.546875,0.5625,0.3061224489795918,0.4453125,1.0,0.6666666666666667,0.6666666666666667,0.4444444444444444
../final_dataset/Interior/Kitchen/400.jpg,perspective_transform,0.5,0.46875,0.7619047619047619,0.421875,0.46875,0.5714285714285714,0.4921875,0.59375,0.6666666666666667,0.6666666666666667,0.4444444444444444
../final_dataset/Interior/Kitchen/145.jpg,affine_transform,0.625,0.578125,0.7857142857142857,0.46875,0.46875,0.326530612244898,0.46875,1.0,0.7291666666666667,0.7291666666666667,0.4444444444444444
../final_dataset/Interior/Kitchen/145.jpg,perspective_transform,0.53125,0.59375,0.7380952380952381,0.515625,0.53125,0.5612244897959184,0.5078125,1.0,0.7291666666666667,0.7291666666666667,0.4444444444444444
../final_dataset/Interior/Kitchen/283.jpg,affine_transform,0.53125,0.5,0.8095238095238095,0.5625,0.59375,0.4693877551020408,0.484375,1.0,0.6354166666666667,0.6354166666666667,1.0
../final_dataset/Interior/Kitchen/283.jpg,perspective_transform,0.5625,0.515625,0.7619047619047619,0.453125,0.4375,0.4897959183673469,0.5625,0.859375,0.7291666666666667,0.7291666666666667,1.0
../final_dataset/Interior/Kitchen/252.jpg,affine_transform,0.5625,0.515625,0.9523809523809524,0.5,0.53125,0.4081632653061224,0.53125,0.78125,0.7291666666666667,0.7291666666666667,0.4444444444444444
../final_dataset/Interior/Kitchen/252.jpg,perspective_transform,0.5625,0.4375,0.8333333333333334,0.375,0.375,0.4897959183673469,0.5078125,1.0,0.6041666666666667,0.6041666666666667,1.0
../final_dataset/Interior/Kitchen/194.jpg,affine_transform,0.46875,0.515625,0.8333333333333334,0.515625,0.46875,0.2551020408163265,0.46875,1.0,0.6875,0.6875,0.3055555555555556
../final_dataset/Interior/Kitchen/194.jpg,perspective_transform,0.5625,0.484375,0.7857142857142857,0.46875,0.40625,0.5510204081632653,0.5390625,0.96875,0.6458333333333333,0.6458333333333333,0.0
../final_dataset/Interior/Kitchen/6.jpg,affine_transform,0.5625,0.5625,0.7857142857142857,0.5,0.46875,0.2959183673469387,0.5,1.0,0.7083333333333333,0.7083333333333333,0.5833333333333333
../final_dataset/Interior/Kitchen/6.jpg,perspective_transform,0.4375,0.5625,0.7857142857142857,0.5625,0.5,0.4795918367346938,0.4765625,0.890625,0.71875,0.71875,0.5833333333333333
../final_dataset/Interior/Kitchen/137.jpg,affine_transform,0.4375,0.546875,0.8095238095238095,0.609375,0.625,0.2653061224489795,0.546875,1.0,0.71875,0.71875,1.0
../final_dataset/Interior/Kitchen/137.jpg,perspective_transform,0.5625,0.484375,0.7619047619047619,0.578125,0.625,0.5816326530612245,0.5078125,1.0,0.59375,0.59375,1.0
../final_dataset/Interior/Kitchen/220.jpg,affine_transform,0.5625,0.625,0.8095238095238095,0.703125,0.71875,0.6326530612244898,0.5234375,1.0,0.7291666666666667,0.7291666666666667,1.0
../final_dataset/Interior/Kitchen/220.jpg,perspective_transform,0.5,0.5,0.7619047619047619,0.71875,0.75,0.5714285714285714,0.4765625,1.0,0.6354166666666667,0.6354166666666667,1.0
../final_dataset/Interior/Kitchen/73.jpg,affine_transform,0.34375,0.390625,0.8571428571428572,0.40625,0.46875,0.3775510204081632,0.5234375,1.0,0.6770833333333333,0.6770833333333333,1.0
../final_dataset/Interior/Kitchen/73.jpg,perspective_transform,0.5625,0.546875,0.7619047619047619,0.5,0.59375,0.6224489795918368,0.4921875,1.0,0.71875,0.71875,1.0
../final_dataset/Interior/Kitchen/378.jpg,affine_transform,0.40625,0.515625,0.9047619047619048,0.6875,0.71875,0.4081632653061224,0.4921875,1.0,0.8125,0.8125,1.0
../final_dataset/Interior/Kitchen/378.jpg,perspective_transform,0.53125,0.59375,0.8333333333333334,0.78125,0.71875,0.6938775510204082,0.5703125,1.0,0.78125,0.78125,1.0
../final_dataset/Interior/Kitchen/304.jpg,affine_transform,0.4375,0.46875,0.8571428571428572,0.65625,0.65625,0.3571428571428571,0.4765625,1.0,0.75,0.75,1.0
../final_dataset/Interior/Kitchen/304.jpg,perspective_transform,0.53125,0.59375,0.7380952380952381,0.625,0.625,0.6122448979591837,0.46875,0.8125,0.71875,0.71875,1.0
../final_dataset/Interior/Kitchen/303.jpg,affine_transform,0.5625,0.53125,0.7857142857142857,0.640625,0.59375,0.3775510204081632,0.53125,1.0,0.7291666666666667,0.7291666666666667,1.0
../final_dataset/Interior/Kitchen/303.jpg,perspective_transform,0.53125,0.5,0.7619047619047619,0.328125,0.34375,0.5714285714285714,0.453125,0.875,0.6354166666666667,0.6354166666666667,1.0
../final_dataset/Interior/Kitchen/1.jpg,affine_transform,0.5,0.578125,0.8095238095238095,0.734375,0.6875,0.6020408163265306,0.515625,1.0,0.7291666666666667,0.7291666666666667,1.0
../final_dataset/Interior/Kitchen/1.jpg,perspective_transform,0.5625,0.453125,0.7619047619047619,0.515625,0.5,0.4081632653061224,0.46875,0.765625,0.5729166666666667,0.5729166666666667,1.0
../final_dataset/Interior/Kitchen/130.jpg,affine_transform,0.46875,0.65625,0.7857142857142857,0.671875,0.625,0.3163265306122449,0.53125,1.0,0.7604166666666666,0.7604166666666666,1.0
../final_dataset/Interior/Kitchen/130.jpg,perspective_transform,0.46875,0.375,0.7380952380952381,0.453125,0.40625,0.5408163265306123,0.5,1.0,0.6666666666666667,0.6666666666666667,1.0
../final_dataset/Interior/Kitchen/227.jpg,affine_transform,0.4375,0.671875,0.8571428571428572,0.71875,0.6875,0.6326530612244898,0.4921875,1.0,0.84375,0.84375,1.0
../final_dataset/Interior/Kitchen/227.jpg,perspective_transform,0.5625,0.5,0.7857142857142857,0.34375,0.375,0.3775510204081632,0.53125,0.75,0.6875,0.6875,1.0
../final_dataset/Interior/Kitchen/74.jpg,affine_transform,0.4375,0.578125,0.8571428571428572,0.578125,0.59375,0.4897959183673469,0.5,1.0,0.6354166666666667,0.6354166666666667,1.0
../final_dataset/Interior/Kitchen/74.jpg,perspective_transform,0.53125,0.46875,0.7619047619047619,0.71875,0.65625,0.7142857142857143,0.4765625,0.546875,0.71875,0.71875,1.0
../final_dataset/Interior/Kitchen/179.jpg,affine_transform,0.53125,0.453125,0.8571428571428572,0.625,0.59375,0.2959183673469387,0.484375,1.0,0.75,0.75,1.0
../final_dataset/Interior/Kitchen/179.jpg,perspective_transform,0.46875,0.5,0.7619047619047619,0.6875,0.71875,0.7448979591836735,0.453125,0.859375,0.6875,0.6875,1.0
../final_dataset/Interior/Kitchen/336.jpg,affine_transform,0.5625,0.515625,0.8571428571428572,0.65625,0.625,0.336734693877551,0.484375,1.0,0.6145833333333333,0.6145833333333333,0.4583333333333333
../final_dataset/Interior/Kitchen/336.jpg,perspective_transform,0.5,0.453125,0.7380952380952381,0.765625,0.78125,0.8571428571428572,0.4921875,0.828125,0.6875,0.6875,0.0
../final_dataset/Interior/Kitchen/41.jpg,affine_transform,0.46875,0.609375,0.8333333333333334,0.5625,0.53125,0.2755102040816326,0.46875,1.0,0.7395833333333333,0.7395833333333333,0.0694444444444444
../final_dataset/Interior/Kitchen/41.jpg,perspective_transform,0.5,0.5,0.7619047619047619,0.484375,0.46875,0.7244897959183674,0.5625,1.0,0.6458333333333333,0.6458333333333333,0.1388888888888888
../final_dataset/Interior/Kitchen/212.jpg,affine_transform,0.4375,0.53125,0.8095238095238095,0.65625,0.59375,0.3163265306122449,0.4765625,1.0,0.8229166666666666,0.8229166666666666,0.0
../final_dataset/Interior/Kitchen/212.jpg,perspective_transform,0.40625,0.609375,0.7380952380952381,0.359375,0.3125,0.4285714285714286,0.5,1.0,0.7083333333333333,0.7083333333333333,0.0
../final_dataset/Interior/Kitchen/90.jpg,affine_transform,0.4375,0.5625,0.8571428571428572,0.515625,0.53125,0.1428571428571429,0.5546875,1.0,0.78125,0.78125,0.0
../final_dataset/Interior/Kitchen/90.jpg,perspective_transform,0.5625,0.515625,0.7619047619047619,0.578125,0.53125,0.6020408163265306,0.5,1.0,0.5833333333333333,0.5833333333333333,0.0
../final_dataset/Interior/Kitchen/105.jpg,affine_transform,0.5,0.53125,0.8571428571428572,0.625,0.625,0.4285714285714286,0.4921875,1.0,0.5729166666666667,0.5729166666666667,0.0
../final_dataset/Interior/Kitchen/105.jpg,perspective_transform,0.53125,0.609375,0.7857142857142857,0.765625,0.75,0.5612244897959184,0.4921875,1.0,0.6041666666666667,0.6041666666666667,0.2222222222222222
../final_dataset/Interior/Kitchen/46.jpg,affine_transform,0.59375,0.515625,0.8333333333333334,0.703125,0.6875,0.5612244897959184,0.5546875,1.0,0.7604166666666666,0.7604166666666666,0.2777777777777778
../final_dataset/Interior/Kitchen/46.jpg,perspective_transform,0.5625,0.5,0.7857142857142857,0.65625,0.59375,0.5918367346938775,0.5078125,0.796875,0.5729166666666667,0.5729166666666667,0.1527777777777778
../final_dataset/Interior/Kitchen/215.jpg,affine_transform,0.5625,0.625,0.8809523809523809,0.625,0.625,0.2755102040816326,0.53125,1.0,0.84375,0.84375,0.2222222222222222
../final_dataset/Interior/Kitchen/215.jpg,perspective_transform,0.46875,0.546875,0.7857142857142857,0.5,0.46875,0.5204081632653061,0.5390625,0.6875,0.6666666666666667,0.6666666666666667,0.2916666666666666
../final_dataset/Interior/Kitchen/102.jpg,affine_transform,0.59375,0.4375,0.8095238095238095,0.53125,0.53125,0.4183673469387755,0.5546875,1.0,0.6875,0.6875,0.1527777777777778
../final_dataset/Interior/Kitchen/102.jpg,perspective_transform,0.46875,0.5,0.8333333333333334,0.25,0.28125,0.4897959183673469,0.5078125,1.0,0.5729166666666667,0.5729166666666667,0.1944444444444444
../final_dataset/Interior/Kitchen/97.jpg,affine_transform,0.5625,0.53125,0.8095238095238095,0.578125,0.53125,0.5510204081632653,0.5,0.5,0.7604166666666666,0.7604166666666666,0.1527777777777778
../final_dataset/Interior/Kitchen/97.jpg,perspective_transform,0.4375,0.59375,0.7380952380952381,0.46875,0.46875,0.6734693877551021,0.4921875,0.75,0.6041666666666667,0.6041666666666667,0.1111111111111111
../final_dataset/Interior/Kitchen/269.jpg,affine_transform,0.5625,0.5,0.8571428571428572,0.5,0.46875,0.2040816326530612,0.4765625,1.0,0.78125,0.78125,0.0972222222222222
../final_dataset/Interior/Kitchen/269.jpg,perspective_transform,0.5625,0.53125,0.8333333333333334,0.546875,0.5,0.5918367346938775,0.515625,0.796875,0.75,0.75,0.0694444444444444
../final_dataset/Interior/Kitchen/331.jpg,affine_transform,0.5625,0.640625,0.8095238095238095,0.578125,0.625,0.4591836734693877,0.5234375,1.0,0.6041666666666667,0.6041666666666667,0.9166666666666666
../final_dataset/Interior/Kitchen/331.jpg,perspective_transform,0.53125,0.515625,0.7142857142857143,0.40625,0.40625,0.6428571428571428,0.4765625,1.0,0.5729166666666667,0.5729166666666667,0.6111111111111112
../final_dataset/Interior/Kitchen/48.jpg,affine_transform,0.5,0.5625,0.8571428571428572,0.53125,0.5625,0.4897959183673469,0.5234375,1.0,0.5416666666666667,0.5416666666666667,0.5277777777777778
../final_dataset/Interior/Kitchen/48.jpg,perspective_transform,0.40625,0.46875,0.7857142857142857,0.4375,0.40625,0.4285714285714286,0.46875,1.0,0.7708333333333334,0.78125,0.375
../final_dataset/Interior/Kitchen/99.jpg,affine_transform,0.5,0.46875,0.8095238095238095,0.5625,0.53125,0.4285714285714286,0.46875,0.796875,0.8333333333333334,0.8333333333333334,0.9166666666666666
../final_dataset/Interior/Kitchen/99.jpg,perspective_transform,0.375,0.5,0.8095238095238095,0.515625,0.53125,0.6122448979591837,0.421875,0.78125,0.6041666666666667,0.6041666666666667,0.3333333333333333
../final_dataset/Interior/Kitchen/392.jpg,affine_transform,0.46875,0.421875,0.8571428571428572,0.375,0.34375,0.173469387755102,0.46875,1.0,0.7395833333333333,0.7395833333333333,0.0694444444444444
../final_dataset/Interior/Kitchen/392.jpg,perspective_transform,0.5,0.5625,0.7619047619047619,0.375,0.3125,0.5102040816326531,0.4609375,0.875,0.625,0.625,0.0
../final_dataset/Interior/Kitchen/343.jpg,affine_transform,0.5,0.5625,0.8571428571428572,0.5625,0.59375,0.3061224489795918,0.4921875,1.0,0.6979166666666667,0.6979166666666667,0.0694444444444444
../final_dataset/Interior/Kitchen/343.jpg,perspective_transform,0.375,0.421875,0.7619047619047619,0.34375,0.375,0.4183673469387755,0.484375,0.859375,0.7708333333333334,0.7708333333333334,0.0277777777777777
../final_dataset/Interior/Kitchen/34.jpg,affine_transform,0.59375,0.5,0.7857142857142857,0.71875,0.6875,0.2040816326530612,0.53125,1.0,0.625,0.625,0.0
../final_dataset/Interior/Kitchen/34.jpg,perspective_transform,0.59375,0.515625,0.7380952380952381,0.609375,0.65625,0.6836734693877551,0.5,1.0,0.6041666666666667,0.6041666666666667,0.0
../final_dataset/Interior/Kitchen/267.jpg,affine_transform,0.65625,0.546875,0.8571428571428572,0.71875,0.6875,0.4489795918367347,0.5390625,1.0,0.78125,0.78125,0.0
../final_dataset/Interior/Kitchen/267.jpg,perspective_transform,0.53125,0.375,0.7857142857142857,0.734375,0.78125,0.8163265306122449,0.5546875,1.0,0.71875,0.71875,0.0
../final_dataset/Interior/Kitchen/170.jpg,affine_transform,0.65625,0.59375,0.8333333333333334,0.6875,0.625,0.5816326530612245,0.5859375,1.0,0.71875,0.71875,0.0555555555555555
../final_dataset/Interior/Kitchen/170.jpg,perspective_transform,0.5625,0.53125,0.7142857142857143,0.78125,0.78125,0.5714285714285714,0.453125,1.0,0.6041666666666667,0.6041666666666667,0.4305555555555556
../final_dataset/Interior/Kitchen/33.jpg,affine_transform,0.59375,0.609375,0.8095238095238095,0.53125,0.53125,0.3571428571428571,0.5390625,1.0,0.59375,0.59375,0.375
../final_dataset/Interior/Kitchen/33.jpg,perspective_transform,0.59375,0.484375,0.6904761904761905,0.375,0.375,0.6122448979591837,0.484375,0.828125,0.6458333333333333,0.6458333333333333,0.4722222222222222
../final_dataset/Interior/Kitchen/260.jpg,affine_transform,0.46875,0.53125,0.7857142857142857,0.53125,0.46875,0.2857142857142857,0.5546875,1.0,0.6875,0.6875,0.4583333333333333
../final_dataset/Interior/Kitchen/260.jpg,perspective_transform,0.46875,0.625,0.7380952380952381,0.453125,0.4375,0.6122448979591837,0.453125,1.0,0.5729166666666667,0.5729166666666667,0.3333333333333333
../final_dataset/Interior/Kitchen/177.jpg,affine_transform,0.53125,0.421875,0.8333333333333334,0.6875,0.71875,0.5612244897959184,0.453125,1.0,0.5833333333333333,0.5833333333333333,0.4722222222222222
../final_dataset/Interior/Kitchen/177.jpg,perspective_transform,0.5625,0.4375,0.7857142857142857,0.546875,0.53125,0.4897959183673469,0.5078125,0.8125,0.6770833333333333,0.6770833333333333,0.4027777777777778
../final_dataset/Interior/Kitchen/338.jpg,affine_transform,0.46875,0.46875,0.8095238095238095,0.609375,0.46875,0.2959183673469387,0.4921875,1.0,0.7604166666666666,0.7604166666666666,0.375
../final_dataset/Interior/Kitchen/338.jpg,perspective_transform,0.5625,0.5625,0.7380952380952381,0.546875,0.53125,0.6938775510204082,0.546875,1.0,0.6770833333333333,0.6770833333333333,0.25
../final_dataset/Interior/Kitchen/395.jpg,affine_transform,0.53125,0.453125,0.8809523809523809,0.515625,0.53125,0.2755102040816326,0.5,1.0,0.6354166666666667,0.6354166666666667,0.2361111111111111
../final_dataset/Interior/Kitchen/395.jpg,perspective_transform,0.4375,0.59375,0.8333333333333334,0.453125,0.5,0.6224489795918368,0.484375,0.9375,0.7395833333333333,0.7395833333333333,0.1666666666666666
../final_dataset/Interior/Kitchen/344.jpg,affine_transform,0.59375,0.625,0.8333333333333334,0.53125,0.53125,0.2142857142857143,0.5078125,1.0,0.6458333333333333,0.6458333333333333,0.9722222222222222
../final_dataset/Interior/Kitchen/344.jpg,perspective_transform,0.53125,0.53125,0.7619047619047619,0.53125,0.53125,0.5102040816326531,0.5234375,1.0,0.625,0.625,0.8611111111111112
../final_dataset/Interior/Kitchen/329.jpg,affine_transform,0.65625,0.546875,0.8333333333333334,0.75,0.75,0.5204081632653061,0.4296875,1.0,0.71875,0.71875,0.5555555555555556
../final_dataset/Interior/Kitchen/329.jpg,perspective_transform,0.5,0.53125,0.7857142857142857,0.5,0.5625,0.4387755102040817,0.515625,1.0,0.7395833333333333,0.7395833333333333,0.4583333333333333
../final_dataset/Interior/Kitchen/166.jpg,affine_transform,0.5,0.515625,0.7619047619047619,0.546875,0.53125,0.3061224489795918,0.546875,1.0,0.5833333333333333,0.5833333333333333,0.9722222222222222
../final_dataset/Interior/Kitchen/166.jpg,perspective_transform,0.59375,0.390625,0.6904761904761905,0.421875,0.4375,0.5510204081632653,0.5625,0.890625,0.5729166666666667,0.5729166666666667,0.8055555555555556
../final_dataset/Interior/Kitchen/22.jpg,affine_transform,0.4375,0.546875,0.8095238095238095,0.640625,0.6875,0.3469387755102041,0.5,1.0,0.625,0.6145833333333333,0.0277777777777777
../final_dataset/Interior/Kitchen/22.jpg,perspective_transform,0.5,0.5,0.7380952380952381,0.46875,0.53125,0.6632653061224489,0.53125,0.859375,0.6979166666666667,0.6979166666666667,0.0277777777777777
../final_dataset/Interior/Kitchen/271.jpg,affine_transform,0.5625,0.59375,0.8095238095238095,0.546875,0.5625,0.2959183673469387,0.53125,1.0,0.7395833333333333,0.7395833333333333,0.0
../final_dataset/Interior/Kitchen/271.jpg,perspective_transform,0.5625,0.65625,0.7380952380952381,0.640625,0.65625,0.6020408163265306,0.4765625,0.765625,0.75,0.75,0.0
../final_dataset/Interior/Kitchen/355.jpg,affine_transform,0.53125,0.578125,0.8095238095238095,0.703125,0.71875,0.5612244897959184,0.5,1.0,0.6458333333333333,0.6458333333333333,0.0
../final_dataset/Interior/Kitchen/355.jpg,perspective_transform,0.53125,0.53125,0.6904761904761905,0.796875,0.84375,0.7755102040816326,0.5,0.859375,0.6666666666666667,0.6666666666666667,0.0277777777777777
../final_dataset/Interior/Kitchen/384.jpg,affine_transform,0.4375,0.578125,0.8571428571428572,0.78125,0.65625,0.6428571428571428,0.5234375,1.0,0.78125,0.78125,0.0555555555555555
../final_dataset/Interior/Kitchen/384.jpg,perspective_transform,0.46875,0.515625,0.7619047619047619,0.65625,0.65625,0.4081632653061224,0.5390625,1.0,0.6770833333333333,0.6770833333333333,0.0
../final_dataset/Interior/Kitchen/352.jpg,affine_transform,0.53125,0.53125,0.8571428571428572,0.640625,0.65625,0.7448979591836735,0.484375,1.0,0.7291666666666667,0.7291666666666667,0.0
../final_dataset/Interior/Kitchen/352.jpg,perspective_transform,0.46875,0.484375,0.8095238095238095,0.734375,0.75,0.4591836734693877,0.53125,0.859375,0.6770833333333333,0.6770833333333333,0.0555555555555555
../final_dataset/Interior/Kitchen/383.jpg,affine_transform,0.6875,0.484375,0.9047619047619048,0.625,0.6875,0.2448979591836735,0.5546875,0.859375,0.6875,0.6875,0.0833333333333333
../final_dataset/Interior/Kitchen/383.jpg,perspective_transform,0.5625,0.53125,0.8333333333333334,0.734375,0.75,0.6734693877551021,0.53125,0.796875,0.6354166666666667,0.6354166666666667,0.2222222222222222
../final_dataset/Interior/Kitchen/88.jpg,affine_transform,0.625,0.609375,0.7857142857142857,0.765625,0.6875,0.3877551020408163,0.5078125,1.0,0.75,0.75,0.1527777777777778
../final_dataset/Interior/Kitchen/88.jpg,perspective_transform,0.5625,0.59375,0.7380952380952381,0.625,0.5,0.7448979591836735,0.4453125,1.0,0.6666666666666667,0.6666666666666667,0.1805555555555555
../final_dataset/Interior/Kitchen/59.jpg,affine_transform,0.59375,0.59375,0.7619047619047619,0.578125,0.625,0.6428571428571428,0.5,1.0,0.7395833333333333,0.7395833333333333,0.2222222222222222
../final_dataset/Interior/Kitchen/59.jpg,perspective_transform,0.5625,0.5625,0.7380952380952381,0.59375,0.53125,0.3979591836734694,0.5078125,0.734375,0.6354166666666667,0.6354166666666667,0.2361111111111111
../final_dataset/Interior/Kitchen/161.jpg,affine_transform,0.53125,0.59375,0.8095238095238095,0.53125,0.5,0.4693877551020408,0.546875,1.0,0.7291666666666667,0.7291666666666667,0.125
../final_dataset/Interior/Kitchen/161.jpg,perspective_transform,0.53125,0.546875,0.7619047619047619,0.5625,0.53125,0.4183673469387755,0.5078125,0.84375,0.625,0.625,0.0277777777777777
../final_dataset/Interior/Kitchen/25.jpg,affine_transform,0.4375,0.46875,0.8809523809523809,0.46875,0.5,0.2448979591836735,0.4921875,1.0,0.7083333333333333,0.7083333333333333,0.0277777777777777
../final_dataset/Interior/Kitchen/25.jpg,perspective_transform,0.375,0.515625,0.7857142857142857,0.390625,0.40625,0.5510204081632653,0.484375,0.890625,0.7395833333333333,0.7395833333333333,0.0555555555555555
../final_dataset/Interior/Kitchen/276.jpg,affine_transform,0.53125,0.5625,0.8333333333333334,0.546875,0.5625,0.3979591836734694,0.4453125,1.0,0.75,0.75,0.4305555555555556
../final_dataset/Interior/Kitchen/276.jpg,perspective_transform,0.40625,0.421875,0.7857142857142857,0.6875,0.6875,0.6938775510204082,0.46875,1.0,0.75,0.75,0.375
../final_dataset/Interior/Kitchen/86.jpg,affine_transform,0.5,0.671875,0.7857142857142857,0.640625,0.59375,0.6224489795918368,0.46875,0.765625,0.8020833333333334,0.8020833333333334,0.3333333333333333
../final_dataset/Interior/Kitchen/86.jpg,perspective_transform,0.34375,0.375,0.7380952380952381,0.5,0.5,0.4693877551020408,0.4921875,0.875,0.7708333333333334,0.7708333333333334,0.375
../final_dataset/Interior/Kitchen/113.jpg,affine_transform,0.625,0.5625,0.8333333333333334,0.671875,0.625,0.4489795918367347,0.4765625,1.0,0.7395833333333333,0.7395833333333333,0.6805555555555556
../final_dataset/Interior/Kitchen/113.jpg,perspective_transform,0.46875,0.671875,0.7857142857142857,0.34375,0.28125,0.4489795918367347,0.515625,0.75,0.75,0.75,0.2222222222222222
../final_dataset/Interior/Kitchen/57.jpg,affine_transform,0.5625,0.453125,0.8571428571428572,0.65625,0.5625,0.4285714285714286,0.5390625,1.0,0.65625,0.65625,0.0277777777777777
../final_dataset/Interior/Kitchen/57.jpg,perspective_transform,0.65625,0.5625,0.7619047619047619,0.609375,0.6875,0.5510204081632653,0.515625,1.0,0.5833333333333333,0.5833333333333333,0.0
../final_dataset/Interior/Kitchen/204.jpg,affine_transform,0.5,0.515625,0.8809523809523809,0.65625,0.625,0.4489795918367347,0.46875,1.0,0.5729166666666667,0.5729166666666667,0.0
../final_dataset/Interior/Kitchen/204.jpg,perspective_transform,0.4375,0.46875,0.7619047619047619,0.609375,0.5625,0.5612244897959184,0.484375,0.78125,0.6770833333333333,0.6770833333333333,0.0
../final_dataset/Interior/Kitchen/320.jpg,affine_transform,0.59375,0.640625,0.8809523809523809,0.625,0.6875,0.5306122448979591,0.5234375,1.0,0.65625,0.6666666666666667,0.0
../final_dataset/Interior/Kitchen/320.jpg,perspective_transform,0.53125,0.546875,0.7619047619047619,0.75,0.8125,0.6632653061224489,0.53125,1.0,0.65625,0.6458333333333333,0.0277777777777777
../final_dataset/Interior/Kitchen/278.jpg,affine_transform,0.53125,0.546875,0.8571428571428572,0.609375,0.59375,0.2448979591836735,0.515625,1.0,0.78125,0.78125,0.0
../final_dataset/Interior/Kitchen/278.jpg,perspective_transform,0.46875,0.5,0.7857142857142857,0.453125,0.4375,0.5102040816326531,0.5078125,0.921875,0.6041666666666667,0.6041666666666667,0.0277777777777777
../final_dataset/Interior/Kitchen/327.jpg,affine_transform,0.34375,0.484375,0.8571428571428572,0.421875,0.53125,0.4081632653061224,0.4296875,1.0,0.8958333333333334,0.8958333333333334,0.0
../final_dataset/Interior/Kitchen/327.jpg,perspective_transform,0.5,0.5,0.7857142857142857,0.546875,0.65625,0.7448979591836735,0.4765625,1.0,0.625,0.625,0.0694444444444444
../final_dataset/Interior/Kitchen/168.jpg,affine_transform,0.4375,0.546875,0.8095238095238095,0.5625,0.59375,0.2653061224489795,0.5234375,1.0,0.6770833333333333,0.6770833333333333,0.0972222222222222
../final_dataset/Interior/Kitchen/168.jpg,perspective_transform,0.53125,0.453125,0.7142857142857143,0.40625,0.4375,0.4897959183673469,0.546875,0.859375,0.7083333333333333,0.7083333333333333,0.0
../final_dataset/Interior/Kitchen/114.jpg,affine_transform,0.53125,0.6875,0.8571428571428572,0.6875,0.6875,0.4489795918367347,0.4765625,1.0,0.6979166666666667,0.6979166666666667,0.0416666666666666
../final_dataset/Interior/Kitchen/114.jpg,perspective_transform,0.65625,0.578125,0.7380952380952381,0.703125,0.78125,0.6122448979591837,0.453125,1.0,0.7291666666666667,0.7291666666666667,0.0694444444444444
../final_dataset/Interior/Kitchen/81.jpg,affine_transform,0.46875,0.515625,0.7380952380952381,0.5625,0.53125,0.2448979591836735,0.515625,1.0,0.6979166666666667,0.6979166666666667,0.0
../final_dataset/Interior/Kitchen/81.jpg,perspective_transform,0.59375,0.5,0.7380952380952381,0.609375,0.59375,0.6122448979591837,0.484375,0.921875,0.5625,0.5625,0.125
../final_dataset/Interior/Kitchen/50.jpg,affine_transform,0.46875,0.578125,0.8095238095238095,0.59375,0.625,0.2448979591836735,0.5390625,1.0,0.7083333333333333,0.7083333333333333,0.0694444444444444
../final_dataset/Interior/Kitchen/50.jpg,perspective_transform,0.59375,0.5,0.7857142857142857,0.484375,0.5,0.6734693877551021,0.515625,0.828125,0.65625,0.65625,0.0
../final_dataset/Interior/Kitchen/203.jpg,affine_transform,0.4375,0.546875,0.7857142857142857,0.515625,0.53125,0.2142857142857143,0.4921875,1.0,0.7395833333333333,0.7395833333333333,0.0138888888888888
../final_dataset/Interior/Kitchen/203.jpg,perspective_transform,0.5,0.5,0.7380952380952381,0.546875,0.53125,0.5918367346938775,0.4765625,0.78125,0.6041666666666667,0.6041666666666667,0.0
../final_dataset/Interior/Kitchen/312.jpg,affine_transform,0.4375,0.671875,0.7619047619047619,0.625,0.71875,0.653061224489796,0.4921875,1.0,0.7083333333333333,0.7083333333333333,0.9305555555555556
../final_dataset/Interior/Kitchen/312.jpg,perspective_transform,0.5,0.59375,0.7619047619047619,0.578125,0.65625,0.3775510204081632,0.5703125,0.75,0.59375,0.59375,0.6944444444444444
../final_dataset/Interior/Kitchen/19.jpg,affine_transform,0.5,0.578125,0.8333333333333334,0.515625,0.53125,0.4081632653061224,0.453125,1.0,0.6458333333333333,0.6458333333333333,0.2777777777777778
../final_dataset/Interior/Kitchen/19.jpg,perspective_transform,0.59375,0.484375,0.7619047619047619,0.46875,0.5,0.6020408163265306,0.515625,1.0,0.5625,0.5625,0.2083333333333333
../final_dataset/Interior/Kitchen/236.jpg,affine_transform,0.46875,0.5625,0.7619047619047619,0.6875,0.65625,0.4897959183673469,0.5,1.0,0.78125,0.78125,0.9305555555555556
../final_dataset/Interior/Kitchen/236.jpg,perspective_transform,0.59375,0.328125,0.6904761904761905,0.3125,0.3125,0.4183673469387755,0.46875,0.890625,0.71875,0.71875,0.6666666666666667
../final_dataset/Interior/Kitchen/65.jpg,affine_transform,0.53125,0.484375,0.8333333333333334,0.6875,0.6875,0.3673469387755101,0.484375,0.78125,0.7395833333333333,0.7395833333333333,0.0
../final_dataset/Interior/Kitchen/65.jpg,perspective_transform,0.59375,0.484375,0.7857142857142857,0.734375,0.75,0.8775510204081632,0.5234375,0.84375,0.75,0.75,0.0
../final_dataset/Interior/Kitchen/121.jpg,affine_transform,0.46875,0.5625,0.7619047619047619,0.5625,0.5,0.2653061224489795,0.4765625,1.0,0.6875,0.6875,0.0138888888888888
../final_dataset/Interior/Kitchen/121.jpg,perspective_transform,0.5,0.625,0.6904761904761905,0.375,0.40625,0.5306122448979591,0.5390625,1.0,0.6770833333333333,0.6770833333333333,0.0
../final_dataset/Interior/Kitchen/369.jpg,affine_transform,0.53125,0.609375,0.8333333333333334,0.65625,0.59375,0.6632653061224489,0.5078125,1.0,0.7291666666666667,0.7291666666666667,0.0416666666666666
../final_dataset/Interior/Kitchen/369.jpg,perspective_transform,0.40625,0.375,0.7619047619047619,0.453125,0.40625,0.3775510204081632,0.546875,1.0,0.7708333333333334,0.7708333333333334,0.0
../final_dataset/Interior/Kitchen/231.jpg,affine_transform,0.59375,0.484375,0.8095238095238095,0.609375,0.59375,0.2653061224489795,0.46875,1.0,0.7604166666666666,0.7604166666666666,0.0
../final_dataset/Interior/Kitchen/231.jpg,perspective_transform,0.46875,0.46875,0.7619047619047619,0.5625,0.53125,0.5306122448979591,0.5078125,1.0,0.6354166666666667,0.6354166666666667,0.0
../final_dataset/Interior/Kitchen/62.jpg,affine_transform,0.5,0.609375,0.8333333333333334,0.59375,0.625,0.5408163265306123,0.5078125,1.0,0.8854166666666666,0.8854166666666666,0.0277777777777777
../final_dataset/Interior/Kitchen/62.jpg,perspective_transform,0.5,0.46875,0.7380952380952381,0.625,0.65625,0.6224489795918368,0.53125,1.0,0.7083333333333333,0.7083333333333333,0.2777777777777778
../final_dataset/Interior/Kitchen/126.jpg,affine_transform,0.5,0.578125,0.8333333333333334,0.59375,0.59375,0.3163265306122449,0.4765625,1.0,0.7916666666666666,0.7916666666666666,0.4166666666666666
../final_dataset/Interior/Kitchen/126.jpg,perspective_transform,0.53125,0.609375,0.7619047619047619,0.390625,0.4375,0.6224489795918368,0.5234375,0.828125,0.6458333333333333,0.6458333333333333,0.0416666666666666
../final_dataset/Interior/Kitchen/315.jpg,affine_transform,0.5625,0.578125,0.8571428571428572,0.46875,0.5,0.4183673469387755,0.578125,1.0,0.4583333333333333,0.4583333333333333,0.0277777777777777
../final_dataset/Interior/Kitchen/315.jpg,perspective_transform,0.53125,0.453125,0.8333333333333334,0.328125,0.34375,0.3877551020408163,0.546875,0.609375,0.6875,0.6875,0.0277777777777777
../final_dataset/Interior/Kitchen/367.jpg,affine_transform,0.53125,0.484375,0.8571428571428572,0.4375,0.4375,0.1632653061224489,0.4609375,0.75,0.6979166666666667,0.6979166666666667,0.0416666666666666
../final_dataset/Interior/Kitchen/367.jpg,perspective_transform,0.5,0.484375,0.7857142857142857,0.453125,0.40625,0.6632653061224489,0.5078125,1.0,0.7708333333333334,0.7708333333333334,0.1527777777777778
../final_dataset/Interior/Kitchen/128.jpg,affine_transform,0.625,0.59375,0.8571428571428572,0.5625,0.59375,0.5408163265306123,0.5390625,1.0,0.6145833333333333,0.6145833333333333,0.1944444444444444
../final_dataset/Interior/Kitchen/128.jpg,perspective_transform,0.4375,0.40625,0.7619047619047619,0.25,0.28125,0.326530612244898,0.515625,0.875,0.625,0.625,0.125
../final_dataset/Interior/Kitchen/243.jpg,affine_transform,0.5625,0.59375,0.7380952380952381,0.65625,0.625,0.5204081632653061,0.515625,1.0,0.65625,0.65625,0.0416666666666666
../final_dataset/Interior/Kitchen/243.jpg,perspective_transform,0.59375,0.53125,0.7857142857142857,0.609375,0.59375,0.7346938775510203,0.5234375,0.84375,0.6666666666666667,0.6666666666666667,0.0
../final_dataset/Interior/Kitchen/10.jpg,affine_transform,0.5,0.53125,0.8333333333333334,0.625,0.65625,0.4183673469387755,0.484375,1.0,0.8333333333333334,0.8333333333333334,0.8055555555555556
../final_dataset/Interior/Kitchen/10.jpg,perspective_transform,0.53125,0.65625,0.7619047619047619,0.28125,0.3125,0.4693877551020408,0.46875,0.90625,0.6354166666666667,0.6354166666666667,0.6111111111111112
../final_dataset/Interior/Kitchen/185.jpg,affine_transform,0.5,0.609375,0.8571428571428572,0.5625,0.5625,0.1326530612244898,0.4765625,1.0,0.7604166666666666,0.7604166666666666,0.7222222222222222
../final_dataset/Interior/Kitchen/185.jpg,perspective_transform,0.5625,0.59375,0.7857142857142857,0.546875,0.5,0.6734693877551021,0.46875,0.71875,0.7395833333333333,0.7395833333333333,0.5972222222222222
../final_dataset/Interior/Kitchen/154.jpg,affine_transform,0.46875,0.578125,0.7857142857142857,0.671875,0.6875,0.3571428571428571,0.4765625,1.0,0.7395833333333333,0.7395833333333333,0.8055555555555556
../final_dataset/Interior/Kitchen/154.jpg,perspective_transform,0.5,0.46875,0.8809523809523809,0.671875,0.75,0.846938775510204,0.5,1.0,0.625,0.625,0.5833333333333333
../final_dataset/Interior/Kitchen/292.jpg,affine_transform,0.4375,0.609375,0.8571428571428572,0.6875,0.65625,0.5102040816326531,0.46875,1.0,0.6979166666666667,0.6979166666666667,0.0
../final_dataset/Interior/Kitchen/292.jpg,perspective_transform,0.4375,0.46875,0.7857142857142857,0.484375,0.53125,0.6020408163265306,0.453125,1.0,0.6041666666666667,0.6041666666666667,0.0
../final_dataset/Interior/Kitchen/244.jpg,affine_transform,0.5625,0.625,0.7380952380952381,0.59375,0.65625,0.4183673469387755,0.5078125,1.0,0.7395833333333333,0.7395833333333333,0.0
../final_dataset/Interior/Kitchen/244.jpg,perspective_transform,0.46875,0.546875,0.7142857142857143,0.4375,0.46875,0.5918367346938775,0.5078125,1.0,0.6458333333333333,0.6458333333333333,0.1388888888888888
../final_dataset/Interior/Kitchen/182.jpg,affine_transform,0.53125,0.453125,0.8571428571428572,0.625,0.59375,0.4387755102040817,0.46875,1.0,0.6145833333333333,0.6145833333333333,0.0555555555555555
../final_dataset/Interior/Kitchen/182.jpg,perspective_transform,0.5625,0.5625,0.7857142857142857,0.5625,0.625,0.653061224489796,0.484375,0.84375,0.5625,0.5625,0.0277777777777777
../final_dataset/Interior/Kitchen/17.jpg,affine_transform,0.53125,0.53125,0.8333333333333334,0.546875,0.5625,0.6122448979591837,0.4765625,1.0,0.6979166666666667,0.6979166666666667,0.0
../final_dataset/Interior/Kitchen/17.jpg,perspective_transform,0.53125,0.59375,0.8333333333333334,0.5,0.5,0.2857142857142857,0.46875,1.0,0.6979166666666667,0.6979166666666667,0.0555555555555555
../final_dataset/Interior/Kitchen/153.jpg,affine_transform,0.5,0.5,0.8571428571428572,0.609375,0.53125,0.3979591836734694,0.5,0.515625,0.7395833333333333,0.7395833333333333,0.0
../final_dataset/Interior/Kitchen/153.jpg,perspective_transform,0.46875,0.484375,0.7619047619047619,0.75,0.75,0.7448979591836735,0.4609375,1.0,0.6354166666666667,0.6354166666666667,0.3611111111111111
../final_dataset/Interior/Kitchen/295.jpg,affine_transform,0.5625,0.5625,0.7619047619047619,0.515625,0.5625,0.2448979591836735,0.4921875,1.0,0.6041666666666667,0.6041666666666667,0.4861111111111111
../final_dataset/Interior/Kitchen/295.jpg,perspective_transform,0.4375,0.4375,0.7380952380952381,0.453125,0.46875,0.6122448979591837,0.46875,1.0,0.6041666666666667,0.6041666666666667,0.3194444444444444
../final_dataset/Interior/Kitchen/360.jpg,affine_transform,0.53125,0.609375,0.8809523809523809,0.546875,0.59375,0.5714285714285714,0.5078125,1.0,0.7291666666666667,0.7291666666666667,0.2777777777777778
../final_dataset/Interior/Kitchen/360.jpg,perspective_transform,0.46875,0.46875,0.7857142857142857,0.609375,0.5625,0.3775510204081632,0.46875,1.0,0.59375,0.59375,0.3055555555555556
../final_dataset/Interior/Kitchen/238.jpg,affine_transform,0.53125,0.484375,0.8333333333333334,0.5625,0.5625,0.4183673469387755,0.5,0.75,0.6145833333333333,0.6145833333333333,0.3194444444444444
../final_dataset/Interior/Kitchen/238.jpg,perspective_transform,0.5,0.28125,0.8095238095238095,0.4375,0.46875,0.4795918367346938,0.5390625,0.578125,0.7395833333333333,0.7395833333333333,0.25
../final_dataset/Interior/Kitchen/32.jpg,affine_transform,0.625,0.59375,0.8095238095238095,0.546875,0.59375,0.5816326530612245,0.4765625,1.0,0.6041666666666667,0.6041666666666667,0.1944444444444444
../final_dataset/Interior/Kitchen/32.jpg,perspective_transform,0.5625,0.5625,0.7857142857142857,0.515625,0.5625,0.5510204081632653,0.5078125,0.953125,0.7291666666666667,0.7291666666666667,0.3055555555555556
../final_dataset/Interior/Kitchen/261.jpg,affine_transform,0.53125,0.5625,0.7857142857142857,0.5625,0.53125,0.2448979591836735,0.546875,0.78125,0.6666666666666667,0.6666666666666667,0.3055555555555556
../final_dataset/Interior/Kitchen/261.jpg,perspective_transform,0.59375,0.65625,0.7380952380952381,0.46875,0.46875,0.5306122448979591,0.5078125,0.78125,0.5833333333333333,0.5833333333333333,0.25
../final_dataset/Interior/Kitchen/176.jpg,affine_transform,0.59375,0.671875,0.8809523809523809,0.65625,0.71875,0.4897959183673469,0.5,1.0,0.6354166666666667,0.6354166666666667,0.3055555555555556
../final_dataset/Interior/Kitchen/176.jpg,perspective_transform,0.65625,0.578125,0.8095238095238095,0.828125,0.75,0.6734693877551021,0.53125,0.546875,0.6041666666666667,0.6041666666666667,0.3194444444444444
../final_dataset/Interior/Kitchen/339.jpg,affine_transform,0.46875,0.53125,0.7857142857142857,0.5625,0.5625,0.5204081632653061,0.4921875,1.0,0.71875,0.71875,0.3333333333333333
../final_dataset/Interior/Kitchen/339.jpg,perspective_transform,0.46875,0.46875,0.7619047619047619,0.59375,0.59375,0.5408163265306123,0.421875,0.84375,0.7708333333333334,0.7708333333333334,0.2916666666666666
../final_dataset/Interior/Kitchen/394.jpg,affine_transform,0.5625,0.4375,0.8095238095238095,0.59375,0.5,0.5612244897959184,0.5078125,1.0,0.6354166666666667,0.6354166666666667,0.3194444444444444
../final_dataset/Interior/Kitchen/394.jpg,perspective_transform,0.46875,0.484375,0.7380952380952381,0.5,0.46875,0.5,0.53125,1.0,0.71875,0.71875,0.3194444444444444
../final_dataset/Interior/Kitchen/345.jpg,affine_transform,0.5625,0.46875,0.8095238095238095,0.71875,0.78125,0.6122448979591837,0.5234375,1.0,0.6458333333333333,0.6458333333333333,0.2222222222222222
../final_dataset/Interior/Kitchen/345.jpg,perspective_transform,0.59375,0.59375,0.7380952380952381,0.5625,0.59375,0.6224489795918368,0.53125,1.0,0.6354166666666667,0.6354166666666667,0.0
../final_dataset/Interior/Kitchen/49.jpg,affine_transform,0.5625,0.484375,0.8095238095238095,0.515625,0.5,0.6020408163265306,0.5,1.0,0.8125,0.8125,0.0972222222222222
../final_dataset/Interior/Kitchen/49.jpg,perspective_transform,0.59375,0.5625,0.8095238095238095,0.5,0.53125,0.4795918367346938,0.4765625,0.828125,0.6354166666666667,0.6354166666666667,0.0
../final_dataset/Interior/Kitchen/98.jpg,affine_transform,0.46875,0.453125,0.8571428571428572,0.71875,0.71875,0.653061224489796,0.5,1.0,0.6666666666666667,0.6666666666666667,0.0
../final_dataset/Interior/Kitchen/98.jpg,perspective_transform,0.53125,0.578125,0.7619047619047619,0.6875,0.71875,0.4387755102040817,0.515625,0.8125,0.71875,0.71875,0.0833333333333333
../final_dataset/Interior/Kitchen/393.jpg,affine_transform,0.5625,0.59375,0.8333333333333334,0.609375,0.59375,0.1938775510204081,0.5625,1.0,0.8333333333333334,0.8333333333333334,0.0694444444444444
../final_dataset/Interior/Kitchen/393.jpg,perspective_transform,0.5,0.46875,0.7857142857142857,0.484375,0.5,0.6836734693877551,0.5390625,1.0,0.6145833333333333,0.6145833333333333,0.0
../final_dataset/Interior/Kitchen/342.jpg,affine_transform,0.5625,0.5,0.8333333333333334,0.578125,0.59375,0.3877551020408163,0.5078125,1.0,0.6458333333333333,0.6458333333333333,0.0
../final_dataset/Interior/Kitchen/342.jpg,perspective_transform,0.5,0.625,0.7619047619047619,0.5625,0.59375,0.6224489795918368,0.4765625,0.78125,0.7291666666666667,0.7291666666666667,0.2777777777777778
../final_dataset/Interior/Kitchen/35.jpg,affine_transform,0.40625,0.453125,0.7857142857142857,0.578125,0.59375,0.2551020408163265,0.4609375,1.0,0.8020833333333334,0.8020833333333334,0.4166666666666666
../final_dataset/Interior/Kitchen/35.jpg,perspective_transform,0.40625,0.546875,0.7380952380952381,0.46875,0.5,0.5714285714285714,0.46875,0.921875,0.7083333333333333,0.71875,0.3611111111111111
../final_dataset/Interior/Kitchen/266.jpg,affine_transform,0.5625,0.5625,0.8333333333333334,0.578125,0.5625,0.2142857142857143,0.5390625,1.0,0.7083333333333333,0.7083333333333333,0.4166666666666666
../final_dataset/Interior/Kitchen/266.jpg,perspective_transform,0.53125,0.515625,0.7857142857142857,0.609375,0.65625,0.4897959183673469,0.484375,1.0,0.7291666666666667,0.7291666666666667,0.0138888888888888
../final_dataset/Interior/Kitchen/171.jpg,affine_transform,0.625,0.65625,0.8095238095238095,0.65625,0.625,0.3775510204081632,0.4765625,1.0,0.78125,0.78125,0.3611111111111111
../final_dataset/Interior/Kitchen/171.jpg,perspective_transform,0.4375,0.515625,0.7857142857142857,0.765625,0.78125,0.8163265306122449,0.4921875,1.0,0.7083333333333333,0.7083333333333333,0.3333333333333333
../final_dataset/Interior/Kitchen/47.jpg,affine_transform,0.59375,0.484375,0.7857142857142857,0.671875,0.625,0.4591836734693877,0.5078125,1.0,0.8125,0.8125,0.3611111111111111
../final_dataset/Interior/Kitchen/47.jpg,perspective_transform,0.46875,0.46875,0.7380952380952381,0.53125,0.5625,0.6122448979591837,0.4765625,0.59375,0.6041666666666667,0.6041666666666667,0.4722222222222222
../final_dataset/Interior/Kitchen/214.jpg,affine_transform,0.59375,0.546875,0.8571428571428572,0.609375,0.625,0.1938775510204081,0.4921875,1.0,0.75,0.75,0.4027777777777778
../final_dataset/Interior/Kitchen/214.jpg,perspective_transform,0.46875,0.484375,0.7619047619047619,0.625,0.625,0.6020408163265306,0.5,0.859375,0.6979166666666667,0.6979166666666667,0.3611111111111111
../final_dataset/Interior/Kitchen/96.jpg,affine_transform,0.46875,0.484375,0.8095238095238095,0.625,0.65625,0.4285714285714286,0.5,1.0,0.5729166666666667,0.5729166666666667,0.9444444444444444
../final_dataset/Interior/Kitchen/96.jpg,perspective_transform,0.53125,0.515625,0.8095238095238095,0.46875,0.4375,0.4591836734693877,0.546875,0.921875,0.6770833333333333,0.6770833333333333,0.4166666666666666
../final_dataset/Interior/Kitchen/103.jpg,affine_transform,0.5625,0.625,0.8571428571428572,0.71875,0.78125,0.6122448979591837,0.53125,1.0,0.7916666666666666,0.7916666666666666,0.4861111111111111
../final_dataset/Interior/Kitchen/103.jpg,perspective_transform,0.53125,0.40625,0.7619047619047619,0.46875,0.5,0.4897959183673469,0.53125,1.0,0.6875,0.6875,0.4027777777777778
../final_dataset/Interior/Kitchen/268.jpg,affine_transform,0.53125,0.5625,0.8571428571428572,0.625,0.59375,0.3775510204081632,0.53125,1.0,0.7083333333333333,0.7083333333333333,0.9444444444444444
../final_dataset/Interior/Kitchen/268.jpg,perspective_transform,0.46875,0.4375,0.7857142857142857,0.703125,0.75,0.6734693877551021,0.515625,0.921875,0.7604166666666666,0.7604166666666666,0.6388888888888888
../final_dataset/Interior/Kitchen/330.jpg,affine_transform,0.5,0.5,0.8571428571428572,0.65625,0.625,0.3979591836734694,0.484375,1.0,0.5729166666666667,0.5729166666666667,0.2222222222222222
../final_dataset/Interior/Kitchen/330.jpg,perspective_transform,0.46875,0.421875,0.7857142857142857,0.671875,0.59375,0.6632653061224489,0.4296875,0.6875,0.7916666666666666,0.7916666666666666,0.0277777777777777
../final_dataset/Interior/Kitchen/178.jpg,affine_transform,0.4375,0.546875,0.8333333333333334,0.546875,0.5,0.3673469387755101,0.5234375,1.0,0.6979166666666667,0.6979166666666667,0.0694444444444444
../final_dataset/Interior/Kitchen/178.jpg,perspective_transform,0.3125,0.515625,0.7857142857142857,0.390625,0.40625,0.5816326530612245,0.4140625,0.796875,0.75,0.75,0.0972222222222222
../final_dataset/Interior/Kitchen/337.jpg,affine_transform,0.46875,0.546875,0.7857142857142857,0.53125,0.59375,0.1938775510204081,0.4921875,1.0,0.7395833333333333,0.7395833333333333,0.1944444444444444
../final_dataset/Interior/Kitchen/337.jpg,perspective_transform,0.625,0.578125,0.7142857142857143,0.53125,0.53125,0.6020408163265306,0.5390625,0.890625,0.53125,0.53125,0.0
../final_dataset/Interior/Kitchen/40.jpg,affine_transform,0.5,0.515625,0.7380952380952381,0.5,0.5,0.2551020408163265,0.515625,1.0,0.7083333333333333,0.7083333333333333,0.0
../final_dataset/Interior/Kitchen/40.jpg,perspective_transform,0.5625,0.359375,0.7380952380952381,0.40625,0.3125,0.4795918367346938,0.5,0.65625,0.71875,0.71875,0.0
../final_dataset/Interior/Kitchen/213.jpg,affine_transform,0.53125,0.578125,0.7380952380952381,0.515625,0.53125,0.4489795918367347,0.515625,1.0,0.8333333333333334,0.8333333333333334,0.0
../final_dataset/Interior/Kitchen/213.jpg,perspective_transform,0.5,0.515625,0.7142857142857143,0.578125,0.59375,0.4285714285714286,0.53125,1.0,0.625,0.625,0.1666666666666666
../final_dataset/Interior/Kitchen/104.jpg,affine_transform,0.5,0.53125,0.8333333333333334,0.546875,0.53125,0.3469387755102041,0.484375,1.0,0.6666666666666667,0.6666666666666667,0.3333333333333333
../final_dataset/Interior/Kitchen/104.jpg,perspective_transform,0.53125,0.578125,0.7619047619047619,0.40625,0.46875,0.5918367346938775,0.546875,0.796875,0.7083333333333333,0.7083333333333333,0.2777777777777778
../final_dataset/Interior/Kitchen/91.jpg,affine_transform,0.53125,0.515625,0.9523809523809524,0.546875,0.5,0.2755102040816326,0.4765625,1.0,0.6145833333333333,0.6145833333333333,0.2361111111111111
../final_dataset/Interior/Kitchen/91.jpg,perspective_transform,0.40625,0.625,0.8333333333333334,0.34375,0.375,0.6224489795918368,0.5,0.75,0.6354166666666667,0.6354166666666667,0.0694444444444444
../final_dataset/Interior/Kitchen/302.jpg,affine_transform,0.53125,0.625,0.7619047619047619,0.484375,0.53125,0.2755102040816326,0.515625,1.0,0.6979166666666667,0.6979166666666667,0.2777777777777778
../final_dataset/Interior/Kitchen/302.jpg,perspective_transform,0.5,0.484375,0.7380952380952381,0.265625,0.25,0.5,0.5234375,1.0,0.5416666666666667,0.5416666666666667,0.3611111111111111
../final_dataset/Interior/Kitchen/131.jpg,affine_transform,0.53125,0.578125,0.7619047619047619,0.53125,0.53125,0.5102040816326531,0.5234375,0.796875,0.65625,0.65625,0.2777777777777778
../final_dataset/Interior/Kitchen/131.jpg,perspective_transform,0.40625,0.46875,0.7142857142857143,0.34375,0.3125,0.336734693877551,0.4765625,0.8125,0.6145833333333333,0.6145833333333333,0.2361111111111111
../final_dataset/Interior/Kitchen/0.jpg,affine_transform,0.5,0.546875,0.8095238095238095,0.53125,0.53125,0.5816326530612245,0.5234375,1.0,0.6979166666666667,0.6979166666666667,0.1666666666666666
../final_dataset/Interior/Kitchen/0.jpg,perspective_transform,0.46875,0.375,0.7857142857142857,0.46875,0.46875,0.3163265306122449,0.515625,1.0,0.7083333333333333,0.7083333333333333,0.1388888888888888
../final_dataset/Interior/Kitchen/226.jpg,affine_transform,0.65625,0.46875,0.7857142857142857,0.703125,0.75,0.4693877551020408,0.53125,1.0,0.84375,0.84375,0.9305555555555556
../final_dataset/Interior/Kitchen/226.jpg,perspective_transform,0.5,0.546875,0.7619047619047619,0.734375,0.75,0.6122448979591837,0.5234375,1.0,0.7604166666666666,0.7604166666666666,0.6944444444444444
../final_dataset/Interior/Kitchen/75.jpg,affine_transform,0.625,0.546875,0.8095238095238095,0.703125,0.625,0.2346938775510204,0.5234375,1.0,0.7291666666666667,0.7291666666666667,0.5277777777777778
../final_dataset/Interior/Kitchen/75.jpg,perspective_transform,0.46875,0.65625,0.7142857142857143,0.71875,0.71875,0.8571428571428572,0.515625,1.0,0.75,0.75,0.5694444444444444
../final_dataset/Interior/Kitchen/136.jpg,affine_transform,0.40625,0.515625,0.8333333333333334,0.53125,0.53125,0.3163265306122449,0.46875,1.0,0.5833333333333333,0.5833333333333333,0.9305555555555556
../final_dataset/Interior/Kitchen/136.jpg,perspective_transform,0.46875,0.5,0.7619047619047619,0.515625,0.5,0.6020408163265306,0.4609375,1.0,0.6458333333333333,0.6458333333333333,0.6944444444444444
../final_dataset/Interior/Kitchen/7.jpg,affine_transform,0.5625,0.53125,0.8809523809523809,0.609375,0.625,0.2857142857142857,0.5078125,1.0,0.7291666666666667,0.7291666666666667,0.0277777777777777
../final_dataset/Interior/Kitchen/7.jpg,perspective_transform,0.4375,0.515625,0.9047619047619048,0.703125,0.75,0.826530612244898,0.5078125,0.625,0.7395833333333333,0.7395833333333333,0.1111111111111111
../final_dataset/Interior/Kitchen/221.jpg,affine_transform,0.5625,0.484375,0.9047619047619048,0.53125,0.5,0.3163265306122449,0.5390625,1.0,0.7916666666666666,0.7916666666666666,0.0
../final_dataset/Interior/Kitchen/221.jpg,perspective_transform,0.53125,0.59375,0.7857142857142857,0.671875,0.6875,0.5306122448979591,0.46875,0.515625,0.6458333333333333,0.6458333333333333,0.1388888888888888
../final_dataset/Interior/Kitchen/72.jpg,affine_transform,0.625,0.5625,0.7619047619047619,0.640625,0.625,0.4489795918367347,0.5078125,1.0,0.625,0.625,0.0972222222222222
../final_dataset/Interior/Kitchen/72.jpg,perspective_transform,0.5,0.546875,0.7142857142857143,0.484375,0.5,0.4693877551020408,0.515625,1.0,0.6041666666666667,0.6041666666666667,0.0
../final_dataset/Interior/Kitchen/379.jpg,affine_transform,0.4375,0.53125,0.8571428571428572,0.625,0.625,0.6632653061224489,0.46875,1.0,0.7604166666666666,0.75,0.0
../final_dataset/Interior/Kitchen/379.jpg,perspective_transform,0.5,0.484375,0.7857142857142857,0.328125,0.34375,0.2959183673469387,0.5,0.8125,0.6770833333333333,0.6770833333333333,0.4444444444444444
../final_dataset/Interior/Kitchen/305.jpg,affine_transform,0.59375,0.578125,0.9047619047619048,0.71875,0.71875,0.3877551020408163,0.5390625,1.0,0.7604166666666666,0.7604166666666666,0.0555555555555555
../final_dataset/Interior/Kitchen/305.jpg,perspective_transform,0.5,0.4375,0.8333333333333334,0.75,0.71875,0.7653061224489796,0.5078125,0.59375,0.625,0.625,0.4444444444444444
../final_dataset/Interior/Kitchen/9.jpg,affine_transform,0.4375,0.453125,0.7857142857142857,0.578125,0.5625,0.2142857142857143,0.5390625,1.0,0.8020833333333334,0.8020833333333334,0.6388888888888888
../final_dataset/Interior/Kitchen/9.jpg,perspective_transform,0.53125,0.53125,0.7619047619047619,0.375,0.375,0.6734693877551021,0.4765625,0.78125,0.71875,0.71875,0.5694444444444444
../final_dataset/Interior/Kitchen/138.jpg,affine_transform,0.4375,0.578125,0.8571428571428572,0.515625,0.5625,0.3673469387755101,0.4765625,1.0,0.625,0.625,0.5694444444444444
../final_dataset/Interior/Kitchen/138.jpg,perspective_transform,0.53125,0.390625,0.7619047619047619,0.59375,0.5625,0.5918367346938775,0.4765625,0.390625,0.625,0.625,0.5555555555555556
../final_dataset/Interior/Kitchen/377.jpg,affine_transform,0.53125,0.53125,0.8095238095238095,0.59375,0.59375,0.5,0.4921875,1.0,0.5833333333333333,0.5833333333333333,0.5694444444444444
../final_dataset/Interior/Kitchen/377.jpg,perspective_transform,0.5625,0.59375,0.7857142857142857,0.34375,0.28125,0.4081632653061224,0.5234375,0.890625,0.7395833333333333,0.7395833333333333,0.4444444444444444
../final_dataset/Interior/Kitchen/401.jpg,affine_transform,0.53125,0.390625,0.8571428571428572,0.484375,0.5,0.6122448979591837,0.5,1.0,0.7916666666666666,0.7916666666666666,0.4444444444444444
../final_dataset/Interior/Kitchen/401.jpg,perspective_transform,0.625,0.625,0.7619047619047619,0.5,0.4375,0.2755102040816326,0.46875,0.734375,0.7604166666666666,0.7708333333333334,0.4444444444444444
../final_dataset/Interior/Kitchen/144.jpg,affine_transform,0.53125,0.5,0.8333333333333334,0.53125,0.53125,0.3163265306122449,0.4921875,1.0,0.6354166666666667,0.6354166666666667,0.4444444444444444
../final_dataset/Interior/Kitchen/144.jpg,perspective_transform,0.5,0.53125,0.7619047619047619,0.359375,0.34375,0.5816326530612245,0.484375,0.8125,0.6875,0.6875,0.4444444444444444
../final_dataset/Interior/Kitchen/282.jpg,affine_transform,0.53125,0.65625,0.8571428571428572,0.53125,0.53125,0.2346938775510204,0.53125,1.0,0.7291666666666667,0.7395833333333333,0.6527777777777778
../final_dataset/Interior/Kitchen/282.jpg,perspective_transform,0.4375,0.484375,0.7619047619047619,0.46875,0.4375,0.5918367346938775,0.5078125,1.0,0.4895833333333333,0.4791666666666666,0.4444444444444444
../final_dataset/Interior/Kitchen/253.jpg,affine_transform,0.5,0.59375,1.0,0.515625,0.5,0.4795918367346938,0.5234375,0.859375,0.875,0.875,0.4444444444444444
../final_dataset/Interior/Kitchen/253.jpg,perspective_transform,0.53125,0.328125,0.9285714285714286,0.65625,0.625,0.653061224489796,0.5078125,0.921875,0.6145833333333333,0.6145833333333333,0.4444444444444444
../final_dataset/Interior/Kitchen/195.jpg,affine_transform,0.46875,0.484375,0.8333333333333334,0.640625,0.59375,0.3775510204081632,0.4765625,1.0,0.6979166666666667,0.6979166666666667,0.6527777777777778
../final_dataset/Interior/Kitchen/195.jpg,perspective_transform,0.5,0.421875,0.8333333333333334,0.609375,0.5625,0.6020408163265306,0.4765625,1.0,0.625,0.625,0.5555555555555556
../final_dataset/Interior/Kitchen/143.jpg,affine_transform,0.46875,0.515625,0.8333333333333334,0.578125,0.59375,0.3673469387755101,0.5234375,1.0,0.5833333333333333,0.5833333333333333,0.3055555555555556
../final_dataset/Interior/Kitchen/143.jpg,perspective_transform,0.5625,0.5,0.7380952380952381,0.6875,0.6875,0.6938775510204082,0.5625,0.875,0.5416666666666667,0.5416666666666667,0.0
../final_dataset/Interior/Kitchen/285.jpg,affine_transform,0.59375,0.546875,0.8095238095238095,0.59375,0.59375,0.2857142857142857,0.546875,1.0,0.71875,0.71875,0.0
../final_dataset/Interior/Kitchen/285.jpg,perspective_transform,0.4375,0.546875,0.7857142857142857,0.671875,0.71875,0.7653061224489796,0.5390625,1.0,0.6458333333333333,0.6458333333333333,0.0
../final_dataset/Interior/Kitchen/254.jpg,affine_transform,0.59375,0.546875,0.8571428571428572,0.609375,0.625,0.4489795918367347,0.515625,1.0,0.6145833333333333,0.6145833333333333,0.0
../final_dataset/Interior/Kitchen/254.jpg,perspective_transform,0.5625,0.453125,0.7857142857142857,0.71875,0.75,0.6224489795918368,0.484375,1.0,0.65625,0.65625,0.0
../final_dataset/Interior/Kitchen/192.jpg,affine_transform,0.53125,0.671875,0.8333333333333334,0.703125,0.71875,0.6224489795918368,0.5,1.0,0.7395833333333333,0.7395833333333333,0.0
../final_dataset/Interior/Kitchen/192.jpg,perspective_transform,0.5625,0.515625,0.7619047619047619,0.75,0.6875,0.5714285714285714,0.515625,1.0,0.6979166666666667,0.6979166666666667,0.0
../final_dataset/Interior/Kitchen/228.jpg,affine_transform,0.5,0.515625,0.8809523809523809,0.59375,0.625,0.5510204081632653,0.46875,1.0,0.6770833333333333,0.6770833333333333,0.0
../final_dataset/Interior/Kitchen/228.jpg,perspective_transform,0.5,0.46875,0.8095238095238095,0.671875,0.71875,0.5306122448979591,0.484375,1.0,0.75,0.75,0.0972222222222222
../final_dataset/Interior/Kitchen/370.jpg,affine_transform,0.53125,0.5625,0.7380952380952381,0.453125,0.5625,0.2346938775510204,0.46875,1.0,0.71875,0.71875,0.0972222222222222
../final_dataset/Interior/Kitchen/370.jpg,perspective_transform,0.5625,0.5,0.7142857142857143,0.53125,0.5625,0.6122448979591837,0.4765625,0.296875,0.6979166666666667,0.6979166666666667,0.0972222222222222
../final_dataset/Interior/Kitchen/245.jpg,affine_transform,0.5,0.609375,0.8809523809523809,0.734375,0.59375,0.336734693877551,0.4765625,1.0,0.6354166666666667,0.6354166666666667,0.125
../final_dataset/Interior/Kitchen/245.jpg,perspective_transform,0.46875,0.59375,0.8571428571428572,0.734375,0.6875,0.7040816326530612,0.4765625,1.0,0.7083333333333333,0.7083333333333333,0.0833333333333333
../final_dataset/Interior/Kitchen/16.jpg,affine_transform,0.53125,0.515625,0.8571428571428572,0.609375,0.59375,0.5306122448979591,0.4765625,1.0,0.7291666666666667,0.7291666666666667,0.0972222222222222
../final_dataset/Interior/Kitchen/16.jpg,perspective_transform,0.53125,0.40625,0.8095238095238095,0.421875,0.34375,0.4387755102040817,0.5234375,0.828125,0.6875,0.6875,0.0
../final_dataset/Interior/Kitchen/183.jpg,affine_transform,0.5625,0.5625,0.8333333333333334,0.59375,0.59375,0.3877551020408163,0.5078125,1.0,0.78125,0.78125,0.0972222222222222
../final_dataset/Interior/Kitchen/183.jpg,perspective_transform,0.5,0.453125,0.7619047619047619,0.53125,0.5,0.5102040816326531,0.453125,0.75,0.7291666666666667,0.7291666666666667,0.1388888888888888
../final_dataset/Interior/Kitchen/152.jpg,affine_transform,0.46875,0.5625,0.8095238095238095,0.609375,0.5,0.1938775510204081,0.546875,1.0,0.7083333333333333,0.7083333333333333,0.25
../final_dataset/Interior/Kitchen/152.jpg,perspective_transform,0.53125,0.546875,0.7142857142857143,0.5,0.53125,0.6020408163265306,0.5234375,0.84375,0.6979166666666667,0.6979166666666667,0.0694444444444444
../final_dataset/Interior/Kitchen/294.jpg,affine_transform,0.53125,0.53125,0.9285714285714286,0.765625,0.75,0.3979591836734694,0.5625,1.0,0.78125,0.78125,0.8472222222222222
../final_dataset/Interior/Kitchen/294.jpg,perspective_transform,0.53125,0.546875,0.9047619047619048,0.71875,0.71875,0.7346938775510203,0.53125,1.0,0.6354166666666667,0.6354166666666667,0.2916666666666666
../final_dataset/Interior/Kitchen/361.jpg,affine_transform,0.5,0.5,0.8095238095238095,0.546875,0.5625,0.3877551020408163,0.5078125,1.0,0.78125,0.78125,0.4305555555555556
../final_dataset/Interior/Kitchen/361.jpg,perspective_transform,0.46875,0.59375,0.7857142857142857,0.359375,0.28125,0.5204081632653061,0.53125,1.0,0.6666666666666667,0.6666666666666667,0.3611111111111111
../final_dataset/Interior/Kitchen/239.jpg,affine_transform,0.53125,0.5,0.7857142857142857,0.59375,0.5625,0.2653061224489795,0.546875,1.0,0.6458333333333333,0.6458333333333333,0.7916666666666666
../final_dataset/Interior/Kitchen/239.jpg,perspective_transform,0.5,0.5625,0.7142857142857143,0.5,0.46875,0.6734693877551021,0.4921875,1.0,0.6666666666666667,0.6666666666666667,0.4861111111111111
../final_dataset/Interior/Kitchen/366.jpg,affine_transform,0.5625,0.609375,0.8095238095238095,0.65625,0.625,0.3061224489795918,0.484375,1.0,0.71875,0.71875,0.0277777777777777
../final_dataset/Interior/Kitchen/366.jpg,perspective_transform,0.53125,0.453125,0.7380952380952381,0.34375,0.3125,0.5510204081632653,0.484375,1.0,0.6770833333333333,0.6770833333333333,0.0
../final_dataset/Interior/Kitchen/129.jpg,affine_transform,0.59375,0.625,0.8571428571428572,0.5625,0.5,0.2755102040816326,0.5078125,1.0,0.7291666666666667,0.7291666666666667,0.0
../final_dataset/Interior/Kitchen/129.jpg,perspective_transform,0.5,0.375,0.7619047619047619,0.3125,0.375,0.6326530612244898,0.515625,0.78125,0.6979166666666667,0.6979166666666667,0.0
../final_dataset/Interior/Kitchen/242.jpg,affine_transform,0.53125,0.609375,0.8095238095238095,0.640625,0.625,0.6020408163265306,0.4765625,0.78125,0.53125,0.5208333333333333,0.0
../final_dataset/Interior/Kitchen/242.jpg,perspective_transform,0.40625,0.53125,0.7857142857142857,0.40625,0.4375,0.4183673469387755,0.484375,0.875,0.65625,0.6666666666666667,0.0416666666666666
../final_dataset/Interior/Kitchen/184.jpg,affine_transform,0.5,0.59375,0.8571428571428572,0.53125,0.59375,0.3571428571428571,0.515625,1.0,0.71875,0.71875,0.0416666666666666
../final_dataset/Interior/Kitchen/184.jpg,perspective_transform,0.5625,0.671875,0.7857142857142857,0.78125,0.78125,0.8367346938775511,0.515625,0.75,0.6458333333333333,0.6458333333333333,0.0
../final_dataset/Interior/Kitchen/11.jpg,affine_transform,0.59375,0.546875,0.8571428571428572,0.59375,0.53125,0.4183673469387755,0.5078125,0.796875,0.59375,0.59375,0.0138888888888888
../final_dataset/Interior/Kitchen/11.jpg,perspective_transform,0.4375,0.515625,0.8333333333333334,0.6875,0.78125,0.7142857142857143,0.515625,1.0,0.7395833333333333,0.7395833333333333,0.2361111111111111
../final_dataset/Interior/Kitchen/155.jpg,affine_transform,0.53125,0.65625,0.8333333333333334,0.640625,0.625,0.4081632653061224,0.4765625,0.75,0.53125,0.53125,0.3194444444444444
../final_dataset/Interior/Kitchen/155.jpg,perspective_transform,0.625,0.46875,0.7619047619047619,0.671875,0.625,0.6224489795918368,0.5,0.421875,0.6145833333333333,0.6145833333333333,0.2361111111111111
../final_dataset/Interior/Kitchen/293.jpg,affine_transform,0.4375,0.515625,0.8571428571428572,0.59375,0.53125,0.173469387755102,0.53125,1.0,0.75,0.75,0.2222222222222222
../final_dataset/Interior/Kitchen/293.jpg,perspective_transform,0.4375,0.46875,0.7619047619047619,0.5,0.5,0.6326530612244898,0.4296875,0.8125,0.71875,0.71875,0.0277777777777777
../final_dataset/Interior/Kitchen/368.jpg,affine_transform,0.59375,0.515625,0.7619047619047619,0.578125,0.59375,0.5,0.5078125,1.0,0.6666666666666667,0.6666666666666667,0.2361111111111111
../final_dataset/Interior/Kitchen/368.jpg,perspective_transform,0.53125,0.46875,0.7619047619047619,0.5,0.5,0.4693877551020408,0.4921875,1.0,0.5208333333333333,0.5208333333333333,0.0833333333333333
../final_dataset/Interior/Kitchen/230.jpg,affine_transform,0.53125,0.4375,0.8333333333333334,0.59375,0.65625,0.5918367346938775,0.5546875,1.0,0.6145833333333333,0.6145833333333333,0.1805555555555555
../final_dataset/Interior/Kitchen/230.jpg,perspective_transform,0.5,0.546875,0.7619047619047619,0.5,0.46875,0.4897959183673469,0.4765625,1.0,0.5729166666666667,0.5729166666666667,0.0555555555555555
../final_dataset/Interior/Kitchen/63.jpg,affine_transform,0.5625,0.453125,0.8809523809523809,0.703125,0.625,0.1632653061224489,0.5625,0.75,0.7708333333333334,0.7708333333333334,0.0972222222222222
../final_dataset/Interior/Kitchen/63.jpg,perspective_transform,0.53125,0.609375,0.9285714285714286,0.5625,0.5,0.4489795918367347,0.53125,0.90625,0.65625,0.65625,0.0
../final_dataset/Interior/Kitchen/127.jpg,affine_transform,0.46875,0.390625,0.9285714285714286,0.5,0.59375,0.5816326530612245,0.5390625,1.0,0.7083333333333333,0.7083333333333333,0.7638888888888888
../final_dataset/Interior/Kitchen/127.jpg,perspective_transform,0.5625,0.375,0.8809523809523809,0.546875,0.53125,0.5102040816326531,0.5,0.671875,0.6354166666666667,0.6354166666666667,0.375
../final_dataset/Interior/Kitchen/314.jpg,affine_transform,0.4375,0.609375,0.8571428571428572,0.625,0.5625,0.326530612244898,0.4921875,1.0,0.5416666666666667,0.5416666666666667,0.2916666666666666
../final_dataset/Interior/Kitchen/314.jpg,perspective_transform,0.4375,0.65625,0.8095238095238095,0.65625,0.65625,0.6836734693877551,0.5,0.734375,0.7395833333333333,0.7291666666666667,0.2638888888888888
../final_dataset/Interior/Kitchen/313.jpg,affine_transform,0.5625,0.578125,0.8571428571428572,0.546875,0.5625,0.2653061224489795,0.5078125,1.0,0.6458333333333333,0.6458333333333333,0.7638888888888888
../final_dataset/Interior/Kitchen/313.jpg,perspective_transform,0.46875,0.453125,0.7857142857142857,0.453125,0.46875,0.7448979591836735,0.4921875,1.0,0.59375,0.59375,0.4583333333333333
../final_dataset/Interior/Kitchen/18.jpg,affine_transform,0.4375,0.46875,0.8095238095238095,0.578125,0.59375,0.3571428571428571,0.4453125,1.0,0.7604166666666666,0.7604166666666666,0.0
../final_dataset/Interior/Kitchen/18.jpg,perspective_transform,0.3125,0.453125,0.7380952380952381,0.65625,0.65625,0.8367346938775511,0.4140625,1.0,0.625,0.625,0.0
../final_dataset/Interior/Kitchen/237.jpg,affine_transform,0.46875,0.46875,0.7380952380952381,0.71875,0.65625,0.5204081632653061,0.5234375,1.0,0.7291666666666667,0.7291666666666667,0.3055555555555556
../final_dataset/Interior/Kitchen/237.jpg,perspective_transform,0.46875,0.296875,0.7380952380952381,0.28125,0.3125,0.4795918367346938,0.5078125,1.0,0.7604166666666666,0.7604166666666666,0.3055555555555556
../final_dataset/Interior/Kitchen/64.jpg,affine_transform,0.40625,0.46875,0.8095238095238095,0.46875,0.46875,0.1938775510204081,0.484375,1.0,0.7604166666666666,0.7604166666666666,1.0
../final_dataset/Interior/Kitchen/64.jpg,perspective_transform,0.4375,0.5,0.7619047619047619,0.4375,0.40625,0.4591836734693877,0.4765625,0.640625,0.5208333333333333,0.5208333333333333,1.0
../final_dataset/Interior/Kitchen/120.jpg,affine_transform,0.5625,0.5625,0.8095238095238095,0.59375,0.5,0.6326530612244898,0.5703125,1.0,0.8020833333333334,0.8020833333333334,1.0
../final_dataset/Interior/Kitchen/120.jpg,perspective_transform,0.53125,0.546875,0.7380952380952381,0.703125,0.75,0.6224489795918368,0.5078125,0.59375,0.6354166666666667,0.6354166666666667,1.0
../final_dataset/Interior/Kitchen/326.jpg,affine_transform,0.4375,0.546875,0.8809523809523809,0.546875,0.5625,0.3877551020408163,0.5078125,1.0,0.65625,0.65625,1.0
../final_dataset/Interior/Kitchen/326.jpg,perspective_transform,0.5,0.359375,0.8095238095238095,0.40625,0.53125,0.5612244897959184,0.484375,1.0,0.6666666666666667,0.6666666666666667,1.0
../final_dataset/Interior/Kitchen/169.jpg,affine_transform,0.53125,0.59375,0.7619047619047619,0.578125,0.59375,0.5,0.5078125,1.0,0.84375,0.84375,1.0
../final_dataset/Interior/Kitchen/169.jpg,perspective_transform,0.46875,0.515625,0.7142857142857143,0.359375,0.34375,0.4081632653061224,0.515625,0.640625,0.5416666666666667,0.5416666666666667,1.0
../final_dataset/Interior/Kitchen/80.jpg,affine_transform,0.46875,0.53125,0.8095238095238095,0.609375,0.625,0.2244897959183673,0.4765625,1.0,0.71875,0.71875,1.0
../final_dataset/Interior/Kitchen/80.jpg,perspective_transform,0.5,0.484375,0.7142857142857143,0.4375,0.4375,0.6734693877551021,0.484375,1.0,0.6875,0.6875,1.0
../final_dataset/Interior/Kitchen/115.jpg,affine_transform,0.625,0.46875,0.7380952380952381,0.546875,0.59375,0.3673469387755101,0.4921875,1.0,0.65625,0.65625,1.0
../final_dataset/Interior/Kitchen/115.jpg,perspective_transform,0.4375,0.53125,0.7619047619047619,0.578125,0.5625,0.7346938775510203,0.484375,0.9375,0.53125,0.53125,1.0
../final_dataset/Interior/Kitchen/51.jpg,affine_transform,0.5,0.4375,0.7857142857142857,0.65625,0.6875,0.7142857142857143,0.515625,1.0,0.7083333333333333,0.7083333333333333,1.0
../final_dataset/Interior/Kitchen/51.jpg,perspective_transform,0.5,0.484375,0.7380952380952381,0.734375,0.78125,0.5510204081632653,0.4765625,1.0,0.6875,0.6875,1.0
../final_dataset/Interior/Kitchen/202.jpg,affine_transform,0.46875,0.53125,0.7857142857142857,0.53125,0.46875,0.2857142857142857,0.5546875,1.0,0.6875,0.6875,1.0
../final_dataset/Interior/Kitchen/202.jpg,perspective_transform,0.46875,0.625,0.7380952380952381,0.453125,0.4375,0.6122448979591837,0.453125,1.0,0.5729166666666667,0.5729166666666667,1.0
../final_dataset/Interior/Kitchen/112.jpg,affine_transform,0.59375,0.484375,0.8095238095238095,0.609375,0.5625,0.3571428571428571,0.515625,1.0,0.71875,0.71875,1.0
../final_dataset/Interior/Kitchen/112.jpg,perspective_transform,0.5625,0.4375,0.7857142857142857,0.453125,0.375,0.4795918367346938,0.5234375,1.0,0.6145833333333333,0.6145833333333333,1.0
../final_dataset/Interior/Kitchen/87.jpg,affine_transform,0.5625,0.578125,0.8333333333333334,0.65625,0.65625,0.3877551020408163,0.5234375,1.0,0.6354166666666667,0.6354166666666667,1.0
../final_dataset/Interior/Kitchen/87.jpg,perspective_transform,0.5625,0.390625,0.7857142857142857,0.78125,0.71875,0.6428571428571428,0.4765625,1.0,0.6354166666666667,0.6354166666666667,1.0
../final_dataset/Interior/Kitchen/56.jpg,affine_transform,0.5625,0.546875,0.8095238095238095,0.484375,0.5,0.3163265306122449,0.5703125,1.0,0.6354166666666667,0.6354166666666667,1.0
../final_dataset/Interior/Kitchen/56.jpg,perspective_transform,0.40625,0.5,0.7857142857142857,0.609375,0.59375,0.6632653061224489,0.5,1.0,0.6979166666666667,0.6979166666666667,1.0
../final_dataset/Interior/Kitchen/205.jpg,affine_transform,0.5625,0.515625,0.8333333333333334,0.65625,0.65625,0.6938775510204082,0.5,1.0,0.84375,0.84375,0.4583333333333333
../final_dataset/Interior/Kitchen/205.jpg,perspective_transform,0.5,0.46875,0.7142857142857143,0.59375,0.5625,0.4489795918367347,0.484375,1.0,0.65625,0.65625,0.0277777777777777
../final_dataset/Interior/Kitchen/321.jpg,affine_transform,0.46875,0.53125,0.8571428571428572,0.46875,0.4375,0.173469387755102,0.5234375,1.0,0.5104166666666667,0.5104166666666667,0.0
../final_dataset/Interior/Kitchen/321.jpg,perspective_transform,0.5625,0.390625,0.7619047619047619,0.5625,0.5,0.6122448979591837,0.5234375,1.0,0.6979166666666667,0.6979166666666667,0.0
../final_dataset/Interior/Kitchen/279.jpg,affine_transform,0.5,0.5,0.8571428571428572,0.46875,0.5,0.4183673469387755,0.5625,1.0,0.7708333333333334,0.7708333333333334,0.0
../final_dataset/Interior/Kitchen/279.jpg,perspective_transform,0.5,0.546875,0.7619047619047619,0.546875,0.53125,0.336734693877551,0.5078125,0.8125,0.65625,0.65625,0.0
../final_dataset/Interior/Kitchen/353.jpg,affine_transform,0.46875,0.484375,0.9047619047619048,0.609375,0.59375,0.653061224489796,0.546875,1.0,0.5,0.5,0.0
../final_dataset/Interior/Kitchen/353.jpg,perspective_transform,0.40625,0.484375,0.7619047619047619,0.65625,0.6875,0.4387755102040817,0.4609375,0.765625,0.75,0.75,0.0277777777777777
../final_dataset/Interior/Kitchen/382.jpg,affine_transform,0.5625,0.6875,0.8809523809523809,0.53125,0.53125,0.5612244897959184,0.515625,0.828125,0.7395833333333333,0.7395833333333333,0.0
../final_dataset/Interior/Kitchen/382.jpg,perspective_transform,0.625,0.453125,0.8095238095238095,0.5625,0.5625,0.4897959183673469,0.5,0.796875,0.6041666666666667,0.6041666666666667,0.1805555555555555
../final_dataset/Interior/Kitchen/89.jpg,affine_transform,0.46875,0.609375,0.7619047619047619,0.734375,0.75,0.5,0.4609375,0.78125,0.6354166666666667,0.6458333333333333,0.5138888888888888
../final_dataset/Interior/Kitchen/89.jpg,perspective_transform,0.5,0.265625,0.7380952380952381,0.28125,0.25,0.4591836734693877,0.4921875,0.578125,0.6875,0.6979166666666667,0.0694444444444444
../final_dataset/Interior/Kitchen/58.jpg,affine_transform,0.65625,0.5625,0.8571428571428572,0.671875,0.625,0.3775510204081632,0.5078125,1.0,0.65625,0.65625,0.0833333333333333
../final_dataset/Interior/Kitchen/58.jpg,perspective_transform,0.5,0.328125,0.7380952380952381,0.703125,0.65625,0.7551020408163265,0.5,0.890625,0.6145833333333333,0.6145833333333333,0.1527777777777778
../final_dataset/Interior/Kitchen/160.jpg,affine_transform,0.5,0.59375,0.8095238095238095,0.65625,0.65625,0.5102040816326531,0.5234375,1.0,0.65625,0.65625,0.0694444444444444
../final_dataset/Interior/Kitchen/160.jpg,perspective_transform,0.46875,0.59375,0.7619047619047619,0.453125,0.5,0.3571428571428571,0.515625,0.953125,0.7395833333333333,0.7395833333333333,0.0
../final_dataset/Interior/Kitchen/24.jpg,affine_transform,0.625,0.484375,0.8333333333333334,0.6875,0.625,0.4897959183673469,0.546875,1.0,0.8125,0.8125,0.1111111111111111
../final_dataset/Interior/Kitchen/24.jpg,perspective_transform,0.5,0.46875,0.7619047619047619,0.78125,0.78125,0.7755102040816326,0.484375,1.0,0.75,0.75,0.0555555555555555
../final_dataset/Interior/Kitchen/277.jpg,affine_transform,0.5625,0.4375,0.8095238095238095,0.53125,0.5625,0.2959183673469387,0.4921875,1.0,0.75,0.75,0.0416666666666666
../final_dataset/Interior/Kitchen/277.jpg,perspective_transform,0.5625,0.546875,0.7380952380952381,0.734375,0.6875,0.7346938775510203,0.5234375,1.0,0.71875,0.71875,0.0
../final_dataset/Interior/Kitchen/328.jpg,affine_transform,0.53125,0.5625,0.8571428571428572,0.546875,0.5,0.173469387755102,0.4765625,1.0,0.6979166666666667,0.6979166666666667,0.0
../final_dataset/Interior/Kitchen/328.jpg,perspective_transform,0.5,0.484375,0.7619047619047619,0.5625,0.5,0.6836734693877551,0.515625,1.0,0.6458333333333333,0.6458333333333333,0.0
../final_dataset/Interior/Kitchen/167.jpg,affine_transform,0.4375,0.421875,0.8095238095238095,0.546875,0.5,0.336734693877551,0.4609375,1.0,0.7604166666666666,0.7604166666666666,0.0
../final_dataset/Interior/Kitchen/167.jpg,perspective_transform,0.46875,0.5,0.7619047619047619,0.296875,0.28125,0.4693877551020408,0.5390625,0.75,0.6145833333333333,0.6145833333333333,0.0
../final_dataset/Interior/Kitchen/23.jpg,affine_transform,0.5625,0.484375,0.8095238095238095,0.609375,0.625,0.2755102040816326,0.5078125,1.0,0.6875,0.6875,0.0
../final_dataset/Interior/Kitchen/23.jpg,perspective_transform,0.59375,0.4375,0.6904761904761905,0.296875,0.28125,0.4387755102040817,0.4921875,1.0,0.7395833333333333,0.7395833333333333,0.0
../final_dataset/Interior/Kitchen/270.jpg,affine_transform,0.625,0.6875,0.8809523809523809,0.75,0.71875,0.6428571428571428,0.5625,0.765625,0.6875,0.6875,0.0
../final_dataset/Interior/Kitchen/270.jpg,perspective_transform,0.5625,0.59375,0.7619047619047619,0.578125,0.5,0.3877551020408163,0.5390625,0.8125,0.6770833333333333,0.6770833333333333,0.0833333333333333
../final_dataset/Interior/Kitchen/354.jpg,affine_transform,0.5625,0.546875,0.8809523809523809,0.546875,0.65625,0.2244897959183673,0.53125,1.0,0.7916666666666666,0.78125,0.5833333333333333
../final_dataset/Interior/Kitchen/354.jpg,perspective_transform,0.53125,0.625,0.7857142857142857,0.625,0.59375,0.6428571428571428,0.4453125,1.0,0.6770833333333333,0.6875,0.5833333333333333
../final_dataset/Interior/Kitchen/385.jpg,affine_transform,0.46875,0.59375,0.8571428571428572,0.6875,0.59375,0.4285714285714286,0.5078125,1.0,0.71875,0.71875,1.0
../final_dataset/Interior/Kitchen/385.jpg,perspective_transform,0.5625,0.59375,0.7619047619047619,0.765625,0.71875,0.6836734693877551,0.484375,0.703125,0.7083333333333333,0.7083333333333333,1.0
